  65  61  60  68  69  78  83  72  68  64  57  55  59  55  38 174
  65  62  60  66  69  76  76  69  67  63  53  54  60  58  40 182
  64  58  58  68  67  72  72  67  62  59  50  50  52  58  31 179
  65  58  58  68  69  71  67  62  63  56  50  53  56  55  37 178
  66  58  56  68  67  73  71  67  65  55  48  54  60  54  41 182
  64  67  57  59  70  69  81  73  60  71  54  57  56  54  43 185
 238 227 220 225 224 233 230 232 231 226 158  55  57  54  40 190
 235 237 237 236 235 236 238 237 235 235 151  44  54  57  43 187
 236 235 241 242 240 240 239 238 238 237 154  55  55  54  36 201
 236 233 238 238 237 238 238 238 234 230 151  54  43  60  37 190
 238 177 157 148 151 144 147 149 143 148 154 134 112 126 130 168
 235  85  48  46  49  57  60  58  50  43 139 232 228 232 231  73
 235  90  68  70  70  71  78  68  61  50 145 234 234 237 233  91
 234  90  62  73  70  70  74  72  66  49 143 232 237 238 237  94
 242  93  63  54  58  62  64  71  48  64 147 228 227 233 221  98
 241 225 206 223 213 220 217 203 218 209 149  66  66  56  79 193
  45  41  41  49  49  54  59  53  49  44  38  37  38  40  28 161
  47  41  40  47  49  54  55  50  48  45  39  37  39  42  33 163
  47  38  38  48  47  52  54  51  45  43  37  38  40  42  25 169
  48  41  40  47  46  51  50  47  48  43  38  38  40  42  26 166
  45  43  39  47  45  51  50  45  47  42  37  39  40  43  26 167
  40  50  47  47  55  48  53  46  40  52  28  36  39  41  28 167
 207 205 206 210 204 211 205 207 207 202 134  30  37  42  25 173
 209 211 210 210 209 209 208 208 207 207 131  31  37  40  26 170
 211 211 211 210 208 208 207 206 206 207 126  30  40  39  22 177
 210 209 210 210 209 209 208 207 207 208 124  30  34  33  23 176
 213 160 140 134 139 129 132 133 129 135 126 106 103 100 107 153
 210  68  36  38  39  43  43  43  37  32 125 206 207 206 207  60
 211  66  45  50  48  53  52  50  48  35 128 205 208 209 207  65
 207  66  43  52  46  51  52  50  46  33 130 204 208 208 208  70
 210  63  40  32  37  40  40  44  27  34 129 202 204 204 201  64
 211 196 184 201 187 194 199 185 199 183 127  52  59  50  69 174
  36  33  33  41  41  46  47  40  37  34  27  28  32  32  19 155
  39  35  34  40  41  46  44  38  37  36  30  30  30  35  23 160
  38  32  31  40  37  41  42  40  34  34  28  29  32  28  17 169
  39  33  31  38  38  43  41  36  36  32  29  30  33  32  18 161
  39  34  29  38  35  42  41  37  38  33  29  32  34  31  21 161
  31  35  39  39  47  41  45  39  32  43  20  27  32  32  21 161
 196 190 191 194 188 194 188 189 190 184 119  25  32  32  20 165
 192 192 192 192 191 191 191 190 190 191 118  27  31  32  23 166
 192 192 193 193 191 191 190 189 191 191 109  20  26  30  20 170
 192 191 193 193 191 191 190 191 193 194 111  24  25  24  19 170
 196 150 137 128 134 124 126 127 123 125 120 101  95  94  96 146
 194  57  29  35  34  36  37  37  31  23 119 195 191 192 193  52
 193  53  34  41  40  43  43  39  35  27 124 192 189 190 190  54
 193  58  35  44  39  43  41  37  36  28 126 194 190 189 191  60
 195  53  32  22  29  32  28  35  20  24 124 199 188 194 191  56
 194 182 172 188 172 181 188 175 185 171 119  49  55  49  68 161

 174 182 179 178 182 185 190 187 201 190 168  73  91  94  98 193
  38  40  31  37  41  43  40  43  36  37 130 231 233 237 221  79
  55  58  58  55  54  54  54  57  54  60 126 232 237 238 233  56
  59  60  52  56  60  56  57  54  55  43 112 228 234 237 227  66
  55  54  50  53  54  57  55  44  55  54 134 232 234 232 228  66
  57  53  50  50  48  54 158 151 154 151 154 139 145 143 147 149
  64  63  59  56  55  71 226 235 237 230 148  43  50  49  64 209
  68  67  62  63  65  60 231 235 238 234 143  50  61  66  48 218
  72  69  67  62  67  73 232 237 238 238 149  58  68  72  71 203
  83  76  72  67  71  81 230 238 239 238 147  60  78  74  64 217
  78  76  72  71  73  69 233 236 240 238 144  57  71  70  62 220
  69  69  67  69  67  70 224 235 240 237 151  49  70  70  58 213
  68  66  68  68  68  59 225 236 242 238 148  46  70  73  54 223
  60  60  58  58  56  57 220 237 241 238 157  48  68  62  63 206
  61  62  58  58  58  67 227 237 235 233 177  85  90  90  93 225
  65  65  64  65  66  64 238 235 236 236 238 235 235 234 242 241
 161 163 169 166 167 167 173 170 177 176 153  60  65  70  64 174
  28  33  25  26  26  28  25  26  22  23 107 207 207 208 201  69
  40  42  42  42  43  41  42  40  39  33 100 206 209 208 204  50
  38  39  40  40  40  39  37  37  40  34 103 207 208 208 204  59
  37  37  38  38  39  36  30  31  30  30 106 206 205 204 202  52
  38  39  37  38  37  28 134 131 126 124 126 125 128 130 129 127
  44  45  43  43  42  52 202 207 207 208 135  32  35  33  34 183
  49  48  45  48  47  40 207 207 206 207 129  37  48  46  27 199
  53  50  51  47  45  46 207 208 206 207 133  43  50  50  44 185
  59  55  54  50  50  53 205 208 207 208 132  43  52  52  40 199
  54  54  52  51  51  48 211 209 208 209 129  43  53  51  40 194
  49  49  47  46  45  55 204 209 208 209 139  39  48  46  37 187
  49  47  48  47  47  47 210 210 210 210 134  38  50  52  32 201
  41  40  38  40  39  47 206 210 211 210 140  36  45  43  40 184
  41  41  38  41  43  50 205 211 211 209 160  68  66  66  63 196
  45  47  47  48  45  40 207 209 211 210 213 210 211 207 210 211
 155 160 169 161 161 161 165 166 170 170 146  52  54  60  56 161
  19  23  17  18  21  21  20  23  20  19  96 193 190 191 191  68
  32  35  28  32  31  32  32  32  30  24  94 192 190 189 194  49
  32  30  32  33  34  32  32  31  26  25  95 191 189 190 188  55
  28  30  29  30  32  27  25  27  20  24 101 195 192 194 199  49
  27  30  28  29  29  20 119 118 109 111 120 119 124 126 124 119
  34  36  34  32  33  43 184 191 191 194 125  23  27  28  24 171
  37  37  34  36  38  32 190 190 191 193 123  31  35  36  20 185
  40  38  40  36  37  39 189 190 189 191 127  37  39  37  35 175
  47  44  42  41  41  45 188 191 190 190 126  37  43  41  28 188
  46  46  41  43  42  41 194 191 191 191 124  36  43  43  32 181
  41  41  37  38  35  47 188 191 191 191 134  34  40  39  29 172
  41  40  40  38  38  39 194 192 193 193 128  35  41  44  22 188
  33  34  31  31  29  39 191 192 193 193 137  29  34  35  32 172
  33  35  32  33  34  35 190 192 192 191 150  57  53  58  53 182
  36  39  38  39  39  31 196 192 192 192 196 194 193 193 195 194

 193  79  56  66  66 149 209 218 203 217 220 213 223 206 225 241
  98 221 233 227 228 147  64  48  71  64  62  58  54  63  93 242
  94 237 238 237 232 143  49  66  72  74  70  70  73  62  90 234
  91 233 237 234 234 145  50  61  68  78  71  70  70  68  90 235
  73 231 232 228 232 139  43  50  58  60  57  49  46  48  85 235
 168 130 126 112 134 154 148 143 149 147 144 151 148 157 177 238
 190  37  60  43  54 151 230 234 238 238 238 237 238 238 233 236
 201  36  54  55  55 154 237 238 238 239 240 240 242 241 235 236
 187  43  57  54  44 151 235 235 237 238 236 235 236 237 237 235
 190  40  54  57  55 158 226 231 232 230 233 224 225 220 227 238
 185  43  54  56  57  54  71  60  73  81  69  70  59  57  67  64
 182  41  54  60  54  48  55  65  67  71  73  67  68  56  58  66
 178  37  55  56  53  50  56  63  62  67  71  69  68  58  58  65
 179  31  58  52  50  50  59  62  67  72  72  67  68  58  58  64
 182  40  58  60  54  53  63  67  69  76  76  69  66  60  62  65
 174  38  55  59  55  57  64  68  72  83  78  69  68  60  61  65
 174  69  50  59  52 127 183 199 185 199 194 187 201 184 196 211
  64 201 204 204 202 129  34  27  44  40  40  37  32  40  63 210
  70 208 208 208 204 130  33  46  50  52  51  46  52  43  66 207
  65 207 209 208 205 128  35  48  50  52  53  48  50  45  66 211
  60 207 206 207 206 125  32  37  43  43  43  39  38  36  68 210
 153 107 100 103 106 126 135 129 133 132 129 139 134 140 160 213
 176  23  33  34  30 124 208 207 207 208 209 209 210 210 209 210
 177  22  39  40  30 126 207 206 206 207 208 208 210 211 211 211
 170  26  40  37  31 131 207 207 208 208 209 209 210 210 211 209
 173  25  42  37  30 134 202 207 207 205 211 204 210 206 205 207
 167  28  41  39  36  28  52  40  46  53  48  55  47  47  50  40
 167  26  43  40  39  37  42  47  45  50  51  45  47  39  43  45
 166  26  42  40  38  38  43  48  47  50  51  46  47  40  41  48
 169  25  42  40  38  37  43  45  51  54  52  47  48  38  38  47
 163  33  42  39  37  39  45  48  50  55  54  49  47  40  41  47
 161  28  40  38  37  38  44  49  53  59  54  49  49  41  41  45
 161  68  49  55  49 119 171 185 175 188 181 172 188 172 182 194
  56 191 194 188 199 124  24  20  35  28  32  29  22  32  53 195
  60 191 189 190 194 126  28  36  37  41  43  39  44  35  58 193
  54 190 190 189 192 124  27  35  39  43  43  40  41  34  53 193
  52 193 192 191 195 119  23  31  37  37  36  34  35  29  57 194
 146  96  94  95 101 120 125 123 127 126 124 134 128 137 150 196
 170  19  24  25  24 111 194 193 191 190 191 191 193 193 191 192
 170  20  30  26  20 109 191 191 189 190 191 191 193 193 192 192
 166  23  32  31  27 118 191 190 190 191 191 191 192 192 192 192
 165  20  32  32  25 119 184 190 189 188 194 188 194 191 190 196
 161  21  32  32  27  20  43  32  39  45  41  47  39  39  35  31
 161  21  31  34  32  29  33  38  37  41  42  35  38  29  34  39
 161  18  32  33  30  29  32  36  36  41  43  38  38  31  33  39
 169  17  28  32  29  28  34  34  40  42  41  37  40  31  32  38
 160  23  35  30  30  30  36  37  38  44  46  41  40  34  35  39
 155  19  32  32  28  27  34  37  40  47  46  41  41  33  33  36

 241 242 234 235 235 238 236 236 235 238  64  66  65  64  65  65
 225  93  90  90  85 177 233 235 237 227  67  58  58  58  62  61
 206  63  62  68  48 157 238 241 237 220  57  56  58  58  60  60
 223  54  73  70  46 148 238 242 236 225  59  68  68  68  66  68
 213  58  70  70  49 151 237 240 235 224  70  67  69  67  69  69
 220  62  70  71  57 144 238 240 236 233  69  73  71  72  76  78
 217  64  74  78  60 147 238 239 238 230  81  71  67  72  76  83
 203  71  72  68  58 149 238 238 237 232  73  67  62  67  69  72
 218  48  66  61  50 143 234 238 235 231  60  65  63  62  67  68
 209  64  49  50  43 148 230 237 235 226  71  55  56  59  63  64
 149 147 143 145 139 154 151 154 151 158  54  48  50  50  53  57
  66 228 232 234 232 134  54  55  44  55  57  54  53  50  54  55
  66 227 237 234 228 112  43  55  54  57  56  60  56  52  60  59
  56 233 238 237 232 126  60  54  57  54  54  54  55  58  58  55
  79 221 237 233 231 130  37  36  43  40  43  41  37  31  40  38
 193  98  94  91  73 168 190 201 187 190 185 182 178 179 182 174
 211 210 207 211 210 213 210 211 209 207  40  45  48  47  47  45
 196  63  66  66  68 160 209 211 211 205  50  43  41  38  41  41
 184  40  43  45  36 140 210 211 210 206  47  39  40  38  40  41
 201  32  52  50  38 134 210 210 210 210  47  47  47  48  47  49
 187  37  46  48  39 139 209 208 209 204  55  45  46  47  49  49
 194  40  51  53  43 129 209 208 209 211  48  51  51  52  54  54
 199  40  52  52  43 132 208 207 208 205  53  50  50  54  55  59
 185  44  50  50  43 133 207 206 208 207  46  45  47  51  50  53
 199  27  46  48  37 129 207 206 207 207  40  47  48  45  48  49
 183  34  33  35  32 135 208 207 207 202  52  42  43  43  45  44
 127 129 130 128 125 126 124 126 131 134  28  37  38  37  39  38
  52 202 204 205 206 106  30  30  31  30  36  39  38  38  37  37
  59 204 208 208 207 103  34  40  37  37  39  40  40  40  39  38
  50 204 208 209 206 100  33  39  40  42  41  43  42  42  42  40
  69 201 208 207 207 107  23  22  26  25  28  26  26  25  33  28
 174  64  70  65  60 153 176 177 170 173 167 167 166 169 163 161
 194 195 193 193 194 196 192 192 192 196  31  39  39  38  39  36
 182  53  58  53  57 150 191 192 192 190  35  34  33  32  35  33
 172  32  35  34  29 137 193 193 192 191  39  29  31  31  34  33
 188  22  44  41  35 128 193 193 192 194  39  38  38  40  40  41
 172  29  39  40  34 134 191 191 191 188  47  35  38  37  41  41
 181  32  43  43  36 124 191 191 191 194  41  42  43  41  46  46
 188  28  41  43  37 126 190 190 191 188  45  41  41  42  44  47
 175  35  37  39  37 127 191 189 190 189  39  37  36  40  38  40
 185  20  36  35  31 123 193 191 190 190  32  38  36  34  37  37
 171  24  28  27  23 125 194 191 191 184  43  33  32  34  36  34
 119 124 126 124 119 120 111 109 118 119  20  29  29  28  30  27
  49 199 194 192 195 101  24  20  27  25  27  32  30  29  30  28
  55 188 190 189 191  95  25  26  31  32  32  34  33  32  30  32
  49 194 189 190 192  94  24  30  32  32  32  31  32  28  35  32
  68 191 191 190 193  96  19  20  23  20  21  21  18  17  23  19
 161  56  60  54  52 146 170 170 166 165 161 161 161 169 160 155

