  36 158 231 239 241 238 237 236 239 238 237 237 240 241 241 113
 177 138 123 132 117 121 136 140 153 130 195 236 241 241 240 112
 240 113  46  42  46  49  46  44  49  32 122 238 242 236 239  82
 231 120  55  53  47  57  63  56  57  51 115 233 243 239 239  98
 239 123  55  49  48  58  60  54  51  45 126 236 243 239 239 104
 217  93  51  47  49  51  58  56  53  53 128 225 225 227 232 107
  38  40  47  47  45  48  55  55  56  55  58  58  57  66  63 193
  51  53  48  44  46  53  59  59  58  57  56  55  53  58  48 198
  53  53  51  49  51  59  65  62  60  57  52  53  52  58  47 212
  40  61  55  48  52  55  57  60  57  57  59  60  59  54  50 185
 145  78  48  49  59  60  54  56  64  59  74 111 110 103 116 181
 241  96  59  53  54  58  55  57  63  46 135 229 234 236 235  88
 240  99  57  56  57  56  57  62  61  53 143 232 242 239 242  75
 242  84  57  55  53  54  61  64  63  45 135 233 234 238 241  99
 223  97  58  57  62  66  66  66  65  55 152 233 235 243 244  92
  70  55  59  55  61  64  67  68  66  60  61 101 112 124 115 166
  19 149 207 210 210 209 208 209 210 210 207 210 210 211 212  68
 158 124 100 111 103 118 122 123 134 119 173 210 209 212 209  85
 207  90  33  33  33  33  31  32  32  21 109 211 209 210 211  68
 213  88  36  37  35  38  41  41  38  32 106 210 211 211 211  68
 208  90  33  35  34  38  41  41  39  32 108 210 211 213 210  72
 201  76  35  32  36  38  41  41  39  37 112 208 203 208 210  69
  30  28  32  31  34  40  41  40  38  37  42  46  53  61  55 172
  39  38  36  35  37  39  43  43  39  37  37  36  36  40  32 177
  36  38  37  35  36  40  42  39  40  38  36  37  34  39  29 189
  25  36  34  32  36  41  42  43  39  37  39  37  41  35  34 168
 127  61  38  37  38  38  39  40  45  38  44  85  83  78  93 166
 211  62  33  35  36  39  40  40  43  28 116 207 208 214 210  64
 209  77  35  37  40  42  45  47  43  32 133 206 208 210 211  52
 212  64  39  36  39  43  44  45  42  31 117 209 210 210 208  69
 201  67  40  38  43  47  47  47  45  35 131 208 210 213 210  60
  65  41  42  37  44  46  49  50  50  43  46  86  88 103  97 146
  15 143 195 192 190 190 190 192 194 193 190 192 191 188 195  50
 154 118  98 105 100 115 118 119 128 111 166 192 191 190 195  77
 195  80  26  23  28  27  25  25  27  16 104 193 189 193 194  63
 191  75  26  27  27  28  31  32  31  27 101 198 190 190 195  61
 193  79  24  26  27  30  33  32  32  25 101 196 191 190 189  67
 192  69  27  25  28  30  32  32  32  31 106 199 187 192 197  58
  22  21  25  24  27  32  32  31  31  30  36  41  52  60  57 161
  30  29  27  26  26  28  34  33  30  29  29  30  29  30  26 167
  32  26  30  27  24  29  33  29  30  29  27  28  27  30  24 181
  19  23  27  25  26  30  33  32  28  28  31  29  34  28  30 164
 119  46  26  29  30  31  31  30  33  26  40  80  75  68  86 161
 195  54  25  27  27  31  31  30  31  20 110 199 193 195 193  55
 194  66  28  28  31  32  36  33  31  26 128 194 187 192 194  44
 196  51  31  28  30  34  35  34  31  22 110 195 189 189 189  58
 186  49  31  30  32  36  36  35  36  27 123 195 194 190 190  48
  65  33  33  29  33  35  37  38  38  35  40  80  85 101  93 140

 113 112  82  98 104 107 193 198 212 185 181  88  75  99  92 166
 241 240 239 239 239 232  63  48  47  50 116 235 242 241 244 115
 241 241 236 239 239 227  66  58  58  54 103 236 239 238 243 124
 240 241 242 243 243 225  57  53  52  59 110 234 242 234 235 112
 237 236 238 233 236 225  58  55  53  60 111 229 232 233 233 101
 237 195 122 115 126 128  58  56  52  59  74 135 143 135 152  61
 238 130  32  51  45  53  55  57  57  57  59  46  53  45  55  60
 239 153  49  57  51  53  56  58  60  57  64  63  61  63  65  66
 236 140  44  56  54  56  55  59  62  60  56  57  62  64  66  68
 237 136  46  63  60  58  55  59  65  57  54  55  57  61  66  67
 238 121  49  57  58  51  48  53  59  55  60  58  56  54  66  64
 241 117  46  47  48  49  45  46  51  52  59  54  57  53  62  61
 239 132  42  53  49  47  47  44  49  48  49  53  56  55  57  55
 231 123  46  55  55  51  47  48  51  55  48  59  57  57  58  59
 158 138 113 120 123  93  40  53  53  61  78  96  99  84  97  55
  36 177 240 231 239 217  38  51  53  40 145 241 240 242 223  70
  68  85  68  68  72  69 172 177 189 168 166  64  52  69  60 146
 212 209 211 211 210 210  55  32  29  34  93 210 211 208 210  97
 211 212 210 211 213 208  61  40  39  35  78 214 210 210 213 103
 210 209 209 211 211 203  53  36  34  41  83 208 208 210 210  88
 210 210 211 210 210 208  46  36  37  37  85 207 206 209 208  86
 207 173 109 106 108 112  42  37  36  39  44 116 133 117 131  46
 210 119  21  32  32  37  37  37  38  37  38  28  32  31  35  43
 210 134  32  38  39  39  38  39  40  39  45  43  43  42  45  50
 209 123  32  41  41  41  40  43  39  43  40  40  47  45  47  50
 208 122  31  41  41  41  41  43  42  42  39  40  45  44  47  49
 209 118  33  38  38  38  40  39  40  41  38  39  42  43  47  46
 210 103  33  35  34  36  34  37  36  36  38  36  40  39  43  44
 210 111  33  37  35  32  31  35  35  32  37  35  37  36  38  37
 207 100  33  36  33  35  32  36  37  34  38  33  35  39  40  42
 149 124  90  88  90  76  28  38  38  36  61  62  77  64  67  41
  19 158 207 213 208 201  30  39  36  25 127 211 209 212 201  65
  50  77  63  61  67  58 161 167 181 164 161  55  44  58  48 140
 195 195 194 195 189 197  57  26  24  30  86 193 194 189 190  93
 188 190 193 190 190 192  60  30  30  28  68 195 192 189 190 101
 191 191 189 190 191 187  52  29  27  34  75 193 187 189 194  85
 192 192 193 198 196 199  41  30  28  29  80 199 194 195 195  80
 190 166 104 101 101 106  36  29  27  31  40 110 128 110 123  40
 193 111  16  27  25  31  30  29  29  28  26  20  26  22  27  35
 194 128  27  31  32  32  31  30  30  28  33  31  31  31  36  38
 192 119  25  32  32  32  31  33  29  32  30  30  33  34  35  38
 190 118  25  31  33  32  32  34  33  33  31  31  36  35  36  37
 190 115  27  28  30  30  32  28  29  30  31  31  32  34  36  35
 190 100  28  27  27  28  27  26  24  26  30  27  31  30  32  33
 192 105  23  27  26  25  24  26  27  25  29  27  28  28  30  29
 195  98  26  26  24  27  25  27  30  27  26  25  28  31  31  33
 143 118  80  75  79  69  21  29  26  23  46  54  66  51  49  33
  15 154 195 191 193 192  22  30  32  19 119 195 194 196 186  65

 166 115 124 112 101  61  60  66  68  67  64  61  55  59  55  70
  92 244 243 235 233 152  55  65  66  66  66  62  57  58  97 223
  99 241 238 234 233 135  45  63  64  61  54  53  55  57  84 242
  75 242 239 242 232 143  53  61  62  57  56  57  56  57  99 240
  88 235 236 234 229 135  46  63  57  55  58  54  53  59  96 241
 181 116 103 110 111  74  59  64  56  54  60  59  49  48  78 145
 185  50  54  59  60  59  57  57  60  57  55  52  48  55  61  40
 212  47  58  52  53  52  57  60  62  65  59  51  49  51  53  53
 198  48  58  53  55  56  57  58  59  59  53  46  44  48  53  51
 193  63  66  57  58  58  55  56  55  55  48  45  47  47  40  38
 107 232 227 225 225 128  53  53  56  58  51  49  47  51  93 217
 104 239 239 243 236 126  45  51  54  60  58  48  49  55 123 239
  98 239 239 243 233 115  51  57  56  63  57  47  53  55 120 231
  82 239 236 242 238 122  32  49  44  46  49  46  42  46 113 240
 112 240 241 241 236 195 130 153 140 136 121 117 132 123 138 177
 113 241 241 240 237 237 238 239 236 237 238 241 239 231 158  36
 146  97 103  88  86  46  43  50  50  49  46  44  37  42  41  65
  60 210 213 210 208 131  35  45  47  47  47  43  38  40  67 201
  69 208 210 210 209 117  31  42  45  44  43  39  36  39  64 212
  52 211 210 208 206 133  32  43  47  45  42  40  37  35  77 209
  64 210 214 208 207 116  28  43  40  40  39  36  35  33  62 211
 166  93  78  83  85  44  38  45  40  39  38  38  37  38  61 127
 168  34  35  41  37  39  37  39  43  42  41  36  32  34  36  25
 189  29  39  34  37  36  38  40  39  42  40  36  35  37  38  36
 177  32  40  36  36  37  37  39  43  43  39  37  35  36  38  39
 172  55  61  53  46  42  37  38  40  41  40  34  31  32  28  30
  69 210 208 203 208 112  37  39  41  41  38  36  32  35  76 201
  72 210 213 211 210 108  32  39  41  41  38  34  35  33  90 208
  68 211 211 211 210 106  32  38  41  41  38  35  37  36  88 213
  68 211 210 209 211 109  21  32  32  31  33  33  33  33  90 207
  85 209 212 209 210 173 119 134 123 122 118 103 111 100 124 158
  68 212 211 210 210 207 210 210 209 208 209 210 210 207 149  19
 140  93 101  85  80  40  35  38  38  37  35  33  29  33  33  65
  48 190 190 194 195 123  27  36  35  36  36  32  30  31  49 186
  58 189 189 189 195 110  22  31  34  35  34  30  28  31  51 196
  44 194 192 187 194 128  26  31  33  36  32  31  28  28  66 194
  55 193 195 193 199 110  20  31  30  31  31  27  27  25  54 195
 161  86  68  75  80  40  26  33  30  31  31  30  29  26  46 119
 164  30  28  34  29  31  28  28  32  33  30  26  25  27  23  19
 181  24  30  27  28  27  29  30  29  33  29  24  27  30  26  32
 167  26  30  29  30  29  29  30  33  34  28  26  26  27  29  30
 161  57  60  52  41  36  30  31  31  32  32  27  24  25  21  22
  58 197 192 187 199 106  31  32  32  32  30  28  25  27  69 192
  67 189 190 191 196 101  25  32  32  33  30  27  26  24  79 193
  61 195 190 190 198 101  27  31  32  31  28  27  27  26  75 191
  63 194 193 189 193 104  16  27  25  25  27  28  23  26  80 195
  77 195 190 191 192 166 111 128 119 118 115 100 105  98 118 154
  50 195 188 191 192 190 193 194 192 190 190 190 192 195 143  15

  70 223 242 240 241 145  40  53  51  38 217 239 231 240 177  36
  55  97  84  99  96  78  61  53  53  40  93 123 120 113 138 158
  59  58  57  57  59  48  55  51  48  47  51  55  55  46 123 231
  55  57  55  56  53  49  48  49  44  47  47  49  53  42 132 239
  61  62  53  57  54  59  52  51  46  45  49  48  47  46 117 241
  64  66  54  56  58  60  55  59  53  48  51  58  57  49 121 238
  67  66  61  57  55  54  57  65  59  55  58  60  63  46 136 237
  68  66  64  62  57  56  60  62  59  55  56  54  56  44 140 236
  66  65  63  61  63  64  57  60  58  56  53  51  57  49 153 239
  60  55  45  53  46  59  57  57  57  55  53  45  51  32 130 238
  61 152 135 143 135  74  59  52  56  58 128 126 115 122 195 237
 101 233 233 232 229 111  60  53  55  58 225 236 233 238 236 237
 112 235 234 242 234 110  59  52  53  57 225 243 243 242 241 240
 124 243 238 239 236 103  54  58  58  66 227 239 239 236 241 241
 115 244 241 242 235 116  50  47  48  63 232 239 239 239 240 241
 166  92  99  75  88 181 185 212 198 193 107 104  98  82 112 113
  65 201 212 209 211 127  25  36  39  30 201 208 213 207 158  19
  41  67  64  77  62  61  36  38  38  28  76  90  88  90 124 149
  42  40  39  35  33  38  34  37  36  32  35  33  36  33 100 207
  37  38  36  37  35  37  32  35  35  31  32  35  37  33 111 210
  44  43  39  40  36  38  36  36  37  34  36  34  35  33 103 210
  46  47  43  42  39  38  41  40  39  40  38  38  38  33 118 209
  49  47  44  45  40  39  42  42  43  41  41  41  41  31 122 208
  50  47  45  47  40  40  43  39  43  40  41  41  41  32 123 209
  50  45  42  43  43  45  39  40  39  38  39  39  38  32 134 210
  43  35  31  32  28  38  37  38  37  37  37  32  32  21 119 210
  46 131 117 133 116  44  39  36  37  42 112 108 106 109 173 207
  86 208 209 206 207  85  37  37  36  46 208 210 210 211 210 210
  88 210 210 208 208  83  41  34  36  53 203 211 211 209 209 210
 103 213 210 210 214  78  35  39  40  61 208 213 211 210 212 211
  97 210 208 211 210  93  34  29  32  55 210 210 211 211 209 212
 146  60  69  52  64 166 168 189 177 172  69  72  68  68  85  68
  65 186 196 194 195 119  19  32  30  22 192 193 191 195 154  15
  33  49  51  66  54  46  23  26  29  21  69  79  75  80 118 143
  33  31  31  28  25  26  27  30  27  25  27  24  26  26  98 195
  29  30  28  28  27  29  25  27  26  24  25  26  27  23 105 192
  33  32  30  31  27  30  26  24  26  27  28  27  27  28 100 190
  35  36  34  32  31  31  30  29  28  32  30  30  28  27 115 190
  37  36  35  36  31  31  33  33  34  32  32  33  31  25 118 190
  38  35  34  33  30  30  32  29  33  31  32  32  32  25 119 192
  38  36  31  31  31  33  28  30  30  31  32  32  31  27 128 194
  35  27  22  26  20  26  28  29  29  30  31  25  27  16 111 193
  40 123 110 128 110  40  31  27  29  36 106 101 101 104 166 190
  80 195 195 194 199  80  29  28  30  41 199 196 198 193 192 192
  85 194 189 187 193  75  34  27  29  52 187 191 190 189 191 191
 101 190 189 192 195  68  28  30  30  60 192 190 190 193 190 188
  93 190 189 194 193  86  30  24  26  57 197 189 195 194 195 195
 140  48  58  44  55 161 164 181 167 161  58  67  61  63  77  50

