 241 155  68  63  55  62  61  49  56  52 116 233 235 238 235 101
 239 225 194 179 177 194 180 194 179 164 154 125 121 131 126 170
 240 241 240 239 240 239 239 239 239 237 177  58  53  48  47 175
 240 240 240 240 241 241 240 240 241 240 163  61  67  49  37 180
 239 239 240 240 241 241 241 240 240 239 167  54  67  56  41 181
 231 242 238 234 238 239 239 239 239 238 185  62  56  58  55 185
  47 193 237 238 239 239 240 239 238 238 236 227 231 225 206 121
  60 171 238 238 240 239 239 238 238 238 241 238 237 235 232 100
  67 175 239 241 239 240 240 237 237 237 240 238 236 236 232  99
  60 163 232 238 240 237 238 237 237 238 238 237 237 236 236 117
  63 145 176 178 175 185 167 175 182 189 183 182 173 178 191 149
  70  76  53  40  42  48  51  44  35  40  38  43  52  36  30 177
  73  93  74  60  62  67  66  64  59  62  61  66  65  53  39 181
  74  92  75  60  59  64  71  66  67  65  60  64  56  49  44 190
  62  85  71  53  48  56  68  62  54  47  54  61  53  43  38 168
 173 172 174 164 174 174 174 172 177 174 111  52  56  45  34 179
 211 125  37  34  33  37  36  29  33  30  98 208 211 208 210  73
 210 196 165 149 146 163 146 164 147 146 134 109 106 108 113 145
 211 212 210 210 212 211 210 210 209 208 158  30  35  37  27 159
 210 210 210 210 211 211 210 211 211 210 140  36  49  37  29 173
 209 209 210 210 208 209 209 209 209 207 142  37  45  35  27 167
 204 209 211 210 209 208 208 208 208 207 153  32  29  35  38 166
  40 174 208 210 208 208 210 208 207 208 209 200 199 191 179 103
  35 152 207 209 209 208 208 207 207 207 208 207 208 208 208  79
  38 160 207 208 210 209 209 207 208 207 207 208 208 206 209  82
  37 148 206 208 208 207 207 207 206 206 207 208 209 207 208  88
  42 127 163 161 155 165 150 158 163 170 166 161 156 164 171 109
  52  60  38  26  31  33  36  32  23  27  26  32  34  23  14 157
  52  74  55  38  42  45  46  46  44  44  40  43  47  36  26 159
  52  72  55  39  38  46  52  47  49  45  37  42  44  35  27 166
  40  62  48  32  29  35  39  39  37  29  30  41  41  36  28 156
 154 152 153 142 148 147 145 140 145 141  82  34  42  34  26 170
 191 108  23  20  20  24  24  19  24  21  93 191 193 195 194  63
 190 178 149 135 132 146 129 146 130 133 122 101 104 107 103 125
 190 194 192 191 192 192 192 192 192 193 149  25  29  28  21 156
 190 192 192 191 192 193 192 191 191 186 133  33  31  26  17 166
 189 191 192 192 191 192 190 189 188 188 133  33  34  28  20 159
 193 191 189 191 192 191 191 191 191 190 140  26  21  25  29 156
  36 162 190 191 191 191 192 191 190 190 184 179 179 170 161  95
  29 144 192 192 192 191 190 190 189 190 189 189 189 189 190  68
  27 148 192 191 191 188 190 188 189 189 190 190 189 189 195  73
  31 141 193 189 190 189 190 188 186 185 187 187 186 188 190  78
  33 122 155 150 145 157 144 151 155 161 161 156 146 155 164 101
  43  51  31  23  26  28  30  27  19  23  22  28  29  21  12 149
  41  59  41  28  28  32  36  35  34  35  32  35  37  30  20 147
  43  57  43  32  30  32  37  35  38  36  30  33  33  27  21 155
  29  51  39  24  18  25  27  24  26  24  23  29  31  28  20 148
 143 144 144 133 139 137 133 126 121 116  71  23  31  27  17 163

 101 170 175 180 181 185 121 100  99 117 149 177 181 190 168 179
 235 126  47  37  41  55 206 232 232 236 191  30  39  44  38  34
 238 131  48  49  56  58 225 235 236 236 178  36  53  49  43  45
 235 121  53  67  67  56 231 237 236 237 173  52  65  56  53  56
 233 125  58  61  54  62 227 238 238 237 182  43  66  64  61  52
 116 154 177 163 167 185 236 241 240 238 183  38  61  60  54 111
  52 164 237 240 239 238 238 238 237 238 189  40  62  65  47 174
  56 179 239 241 240 239 238 238 237 237 182  35  59  67  54 177
  49 194 239 240 240 239 239 238 237 237 175  44  64  66  62 172
  61 180 239 240 241 239 240 239 240 238 167  51  66  71  68 174
  62 194 239 241 241 239 239 239 240 237 185  48  67  64  56 174
  55 177 240 241 241 238 239 240 239 240 175  42  62  59  48 174
  63 179 239 240 240 234 238 238 241 238 178  40  60  60  53 164
  68 194 240 240 240 238 237 238 239 232 176  53  74  75  71 174
 155 225 241 240 239 242 193 171 175 163 145  76  93  92  85 172
 241 239 240 240 239 231  47  60  67  60  63  70  73  74  62 173
  73 145 159 173 167 166 103  79  82  88 109 157 159 166 156 170
 210 113  27  29  27  38 179 208 209 208 171  14  26  27  28  26
 208 108  37  37  35  35 191 208 206 207 164  23  36  35  36  34
 211 106  35  49  45  29 199 208 208 209 156  34  47  44  41  42
 208 109  30  36  37  32 200 207 208 208 161  32  43  42  41  34
  98 134 158 140 142 153 209 208 207 207 166  26  40  37  30  82
  30 146 208 210 207 207 208 207 207 206 170  27  44  45  29 141
  33 147 209 211 209 208 207 207 208 206 163  23  44  49  37 145
  29 164 210 211 209 208 208 207 207 207 158  32  46  47  39 140
  36 146 210 210 209 208 210 208 209 207 150  36  46  52  39 145
  37 163 211 211 209 208 208 208 209 207 165  33  45  46  35 147
  33 146 212 211 208 209 208 209 210 208 155  31  42  38  29 148
  34 149 210 210 210 210 210 209 208 208 161  26  38  39  32 142
  37 165 210 210 210 211 208 207 207 206 163  38  55  55  48 153
 125 196 212 210 209 209 174 152 160 148 127  60  74  72  62 152
 211 210 211 210 209 204  40  35  38  37  42  52  52  52  40 154
  63 125 156 166 159 156  95  68  73  78 101 149 147 155 148 163
 194 103  21  17  20  29 161 190 195 190 164  12  20  21  20  17
 195 107  28  26  28  25 170 189 189 188 155  21  30  27  28  27
 193 104  29  31  34  21 179 189 189 186 146  29  37  33  31  31
 191 101  25  33  33  26 179 189 190 187 156  28  35  33  29  23
  93 122 149 133 133 140 184 189 190 187 161  22  32  30  23  71
  21 133 193 186 188 190 190 190 189 185 161  23  35  36  24 116
  24 130 192 191 188 191 190 189 189 186 155  19  34  38  26 121
  19 146 192 191 189 191 191 190 188 188 151  27  35  35  24 126
  24 129 192 192 190 191 192 190 190 190 144  30  36  37  27 133
  24 146 192 193 192 191 191 191 188 189 157  28  32  32  25 137
  20 132 192 192 191 192 191 192 191 190 145  26  28  30  18 139
  20 135 191 191 192 191 191 192 191 189 150  23  28  32  24 133
  23 149 192 192 192 189 190 192 192 193 155  31  41  43  39 144
 108 178 194 192 191 191 162 144 148 141 122  51  59  57  51 144
 191 190 190 190 189 193  36  29  27  31  33  43  41  43  29 143

 179  34  45  56  52 111 174 177 172 174 174 174 164 174 172 173
 168  38  43  53  61  54  47  54  62  68  56  48  53  71  85  62
 190  44  49  56  64  60  65  67  66  71  64  59  60  75  92  74
 181  39  53  65  66  61  62  59  64  66  67  62  60  74  93  73
 177  30  36  52  43  38  40  35  44  51  48  42  40  53  76  70
 149 191 178 173 182 183 189 182 175 167 185 175 178 176 145  63
 117 236 236 237 237 238 238 237 237 238 237 240 238 232 163  60
  99 232 236 236 238 240 237 237 237 240 240 239 241 239 175  67
 100 232 235 237 238 241 238 238 238 239 239 240 238 238 171  60
 121 206 225 231 227 236 238 238 239 240 239 239 238 237 193  47
 185  55  58  56  62 185 238 239 239 239 239 238 234 238 242 231
 181  41  56  67  54 167 239 240 240 241 241 241 240 240 239 239
 180  37  49  67  61 163 240 241 240 240 241 241 240 240 240 240
 175  47  48  53  58 177 237 239 239 239 239 240 239 240 241 240
 170 126 131 121 125 154 164 179 194 180 194 177 179 194 225 239
 101 235 238 235 233 116  52  56  49  61  62  55  63  68 155 241
 170  26  34  42  34  82 141 145 140 145 147 148 142 153 152 154
 156  28  36  41  41  30  29  37  39  39  35  29  32  48  62  40
 166  27  35  44  42  37  45  49  47  52  46  38  39  55  72  52
 159  26  36  47  43  40  44  44  46  46  45  42  38  55  74  52
 157  14  23  34  32  26  27  23  32  36  33  31  26  38  60  52
 109 171 164 156 161 166 170 163 158 150 165 155 161 163 127  42
  88 208 207 209 208 207 206 206 207 207 207 208 208 206 148  37
  82 209 206 208 208 207 207 208 207 209 209 210 208 207 160  38
  79 208 208 208 207 208 207 207 207 208 208 209 209 207 152  35
 103 179 191 199 200 209 208 207 208 210 208 208 210 208 174  40
 166  38  35  29  32 153 207 208 208 208 208 209 210 211 209 204
 167  27  35  45  37 142 207 209 209 209 209 208 210 210 209 209
 173  29  37  49  36 140 210 211 211 210 211 211 210 210 210 210
 159  27  37  35  30 158 208 209 210 210 211 212 210 210 212 211
 145 113 108 106 109 134 146 147 164 146 163 146 149 165 196 210
  73 210 208 211 208  98  30  33  29  36  37  33  34  37 125 211
 163  17  27  31  23  71 116 121 126 133 137 139 133 144 144 143
 148  20  28  31  29  23  24  26  24  27  25  18  24  39  51  29
 155  21  27  33  33  30  36  38  35  37  32  30  32  43  57  43
 147  20  30  37  35  32  35  34  35  36  32  28  28  41  59  41
 149  12  21  29  28  22  23  19  27  30  28  26  23  31  51  43
 101 164 155 146 156 161 161 155 151 144 157 145 150 155 122  33
  78 190 188 186 187 187 185 186 188 190 189 190 189 193 141  31
  73 195 189 189 190 190 189 189 188 190 188 191 191 192 148  27
  68 190 189 189 189 189 190 189 190 190 191 192 192 192 144  29
  95 161 170 179 179 184 190 190 191 192 191 191 191 190 162  36
 156  29  25  21  26 140 190 191 191 191 191 192 191 189 191 193
 159  20  28  34  33 133 188 188 189 190 192 191 192 192 191 189
 166  17  26  31  33 133 186 191 191 192 193 192 191 192 192 190
 156  21  28  29  25 149 193 192 192 192 192 192 191 192 194 190
 125 103 107 104 101 122 133 130 146 129 146 132 135 149 178 190
  63 194 195 193 191  93  21  24  19  24  24  20  20  23 108 191

 173  62  74  73  70  63  60  67  60  47 231 239 240 240 239 241
 172  85  92  93  76 145 163 175 171 193 242 239 240 241 225 155
 174  71  75  74  53 176 232 239 238 237 238 240 240 240 194  68
 164  53  60  60  40 178 238 241 238 238 234 240 240 239 179  63
 174  48  59  62  42 175 240 239 240 239 238 241 241 240 177  55
 174  56  64  67  48 185 237 240 239 239 239 241 241 239 194  62
 174  68  71  66  51 167 238 240 239 240 239 241 240 239 180  61
 172  62  66  64  44 175 237 237 238 239 239 240 240 239 194  49
 177  54  67  59  35 182 237 237 238 238 239 240 241 239 179  56
 174  47  65  62  40 189 238 237 238 238 238 239 240 237 164  52
 111  54  60  61  38 183 238 240 241 236 185 167 163 177 154 116
  52  61  64  66  43 182 237 238 238 227  62  54  61  58 125 233
  56  53  56  65  52 173 237 236 237 231  56  67  67  53 121 235
  45  43  49  53  36 178 236 236 235 225  58  56  49  48 131 238
  34  38  44  39  30 191 236 232 232 206  55  41  37  47 126 235
 179 168 190 181 177 149 117  99 100 121 185 181 180 175 170 101
 154  40  52  52  52  42  37  38  35  40 204 209 210 211 210 211
 152  62  72  74  60 127 148 160 152 174 209 209 210 212 196 125
 153  48  55  55  38 163 206 207 207 208 211 210 210 210 165  37
 142  32  39  38  26 161 208 208 209 210 210 210 210 210 149  34
 148  29  38  42  31 155 208 210 209 208 209 208 211 212 146  33
 147  35  46  45  33 165 207 209 208 208 208 209 211 211 163  37
 145  39  52  46  36 150 207 209 208 210 208 209 210 210 146  36
 140  39  47  46  32 158 207 207 207 208 208 209 211 210 164  29
 145  37  49  44  23 163 206 208 207 207 208 209 211 209 147  33
 141  29  45  44  27 170 206 207 207 208 207 207 210 208 146  30
  82  30  37  40  26 166 207 207 208 209 153 142 140 158 134  98
  34  41  42  43  32 161 208 208 207 200  32  37  36  30 109 208
  42  41  44  47  34 156 209 208 208 199  29  45  49  35 106 211
  34  36  35  36  23 164 207 206 208 191  35  35  37  37 108 208
  26  28  27  26  14 171 208 209 208 179  38  27  29  27 113 210
 170 156 166 159 157 109  88  82  79 103 166 167 173 159 145  73
 143  29  43  41  43  33  31  27  29  36 193 189 190 190 190 191
 144  51  57  59  51 122 141 148 144 162 191 191 192 194 178 108
 144  39  43  41  31 155 193 192 192 190 189 192 192 192 149  23
 133  24  32  28  23 150 189 191 192 191 191 192 191 191 135  20
 139  18  30  28  26 145 190 191 192 191 192 191 192 192 132  20
 137  25  32  32  28 157 189 188 191 191 191 192 193 192 146  24
 133  27  37  36  30 144 190 190 190 192 191 190 192 192 129  24
 126  24  35  35  27 151 188 188 190 191 191 189 191 192 146  19
 121  26  38  34  19 155 186 189 189 190 191 188 191 192 130  24
 116  24  36  35  23 161 185 189 190 190 190 188 186 193 133  21
  71  23  30  32  22 161 187 190 189 184 140 133 133 149 122  93
  23  29  33  35  28 156 187 190 189 179  26  33  33  25 101 191
  31  31  33  37  29 146 186 189 189 179  21  34  31  29 104 193
  27  28  27  30  21 155 188 189 189 170  25  28  26  28 107 195
  17  20  21  20  12 164 190 195 190 161  29  20  17  21 103 194
 163 148 155 147 149 101  78  73  68  95 156 159 166 156 125  63

