  63  49  52  53  46  49  59  56  43  39  42  40  39  73  63 174
  53 129 186 184 191 216 212 207 198 194 197 198 196 199 198 111
  51 154 222 226 229 229 228 227 228 229 229 227 228 227 221  88
  50 160 226 229 230 230 231 233 233 233 231 229 226 231 226 100
  53 132 226 230 232 232 232 232 232 231 227 225 220 229 225 103
  52 160 222 227 232 232 232 232 232 230 218 197 198 204 200 145
 219 221 231 229 231 231 231 231 231 229 181  34  31  41  31 182
 232 232 231 227 230 229 229 231 230 229 190  42  48  53  38 168
 232 230 225 226 230 229 229 230 230 228 171  61  57  57  45 170
 228 228 231 231 230 229 229 229 229 227 163  59  55  53  46 175
 154 207 227 230 229 228 228 228 228 227 210 145 130 129 127 133
  39 149 224 226 229 228 228 228 229 228 228 222 219 220 214  84
  52 158 217 225 228 228 227 226 227 226 226 224 225 226 225  83
  43 166 217 225 228 227 227 226 225 226 228 225 223 222 222  86
  42 159 223 226 226 224 225 218 216 217 216 211 220 217 210  99
  58  73 106 106  88  73  74  79  83  80  84  66  54  63  78 164
  43  30  32  31  26  28  33  35  26  22  24  27  27  57  45 157
  34 113 165 163 170 196 193 189 181 176 181 185 183 182 180  98
  32 143 199 199 201 200 199 198 199 200 201 198 199 199 198  71
  33 152 200 200 199 198 198 199 198 198 198 197 198 200 197  76
  30 125 197 198 199 199 199 199 199 199 198 196 197 197 198  74
  41 167 201 201 199 199 199 199 199 199 196 177 179 183 184 110
 196 199 200 200 198 198 198 198 198 198 156  14  17  24  19 162
 198 197 199 198 198 197 197 198 198 196 156  25  37  38  24 153
 199 198 198 199 198 197 197 198 197 195 148  34  36  38  31 160
 199 198 199 198 198 197 196 196 196 194 138  26  30  37  28 165
 137 184 195 197 196 195 195 195 195 194 176 116 110 113 109 117
  19 134 194 196 196 195 195 195 197 195 195 195 194 195 193  68
  28 137 193 197 195 195 194 193 194 193 194 195 193 193 196  60
  23 146 194 196 195 194 194 193 192 193 194 193 194 192 193  60
  26 140 195 196 198 198 196 192 189 191 190 194 193 191 192  84
  37  52  82  86  75  61  63  67  70  65  71  58  45  55  68 154
  34  24  24  23  19  19  23  24  16  14  16  20  19  49  40 151
  24 109 156 153 161 187 183 179 171 168 173 177 175 177 175  91
  23 138 186 183 184 183 182 181 182 179 179 181 183 182 186  66
  25 145 182 182 182 181 181 182 181 179 178 181 177 179 185  71
  25 120 183 179 181 181 181 181 181 181 179 179 175 179 185  62
  34 156 185 181 182 182 182 182 182 181 177 165 167 173 172  93
 185 186 181 181 180 180 180 180 180 180 140   9  16  23  17 152
 182 180 181 180 180 179 179 180 180 179 143  11  24  26  20 153
 179 179 179 181 180 179 179 180 179 178 127  20  30  29  28 152
 178 178 180 181 180 179 179 179 179 177 129  16  21  26  21 162
 132 175 180 177 179 178 178 178 178 177 168 105 100 100 101 114
  16 129 183 178 179 178 178 178 179 178 179 179 178 178 179  63
  21 130 180 175 178 178 177 176 176 175 174 175 174 173 178  50
  15 139 181 174 178 177 177 176 174 176 175 175 173 173 175  50
  17 129 182 181 180 180 177 178 175 176 177 173 172 179 180  72
  29  48  77  81  70  56  58  62  65  61  67  52  42  55  66 144

 174 111  88 100 103 145 182 168 170 175 133  84  83  86  99 164
  63 198 221 226 225 200  31  38  45  46 127 214 225 222 210  78
  73 199 227 231 229 204  41  53  57  53 129 220 226 222 217  63
  39 196 228 226 220 198  31  48  57  55 130 219 225 223 220  54
  40 198 227 229 225 197  34  42  61  59 145 222 224 225 211  66
  42 197 229 231 227 218 181 190 171 163 210 228 226 228 216  84
  39 194 229 233 231 230 229 229 228 227 227 228 226 226 217  80
  43 198 228 233 232 232 231 230 230 229 228 229 227 225 216  83
  56 207 227 233 232 232 231 231 230 229 228 228 226 226 218  79
  59 212 228 231 232 232 231 229 229 229 228 228 227 227 225  74
  49 216 229 230 232 232 231 229 229 229 228 228 228 227 224  73
  46 191 229 230 232 232 231 230 230 230 229 229 228 228 226  88
  53 184 226 229 230 227 229 227 226 231 230 226 225 225 226 106
  52 186 222 226 226 222 231 231 225 231 227 224 217 217 223 106
  49 129 154 160 132 160 221 232 230 228 207 149 158 166 159  73
  63  53  51  50  53  52 219 232 232 228 154  39  52  43  42  58
 157  98  71  76  74 110 162 153 160 165 117  68  60  60  84 154
  45 180 198 197 198 184  19  24  31  28 109 193 196 193 192  68
  57 182 199 200 197 183  24  38  38  37 113 195 193 192 191  55
  27 183 199 198 197 179  17  37  36  30 110 194 193 194 193  45
  27 185 198 197 196 177  14  25  34  26 116 195 195 193 194  58
  24 181 201 198 198 196 156 156 148 138 176 195 194 194 190  71
  22 176 200 198 199 199 198 196 195 194 194 195 193 193 191  65
  26 181 199 198 199 199 198 198 197 196 195 197 194 192 189  70
  35 189 198 199 199 199 198 198 198 196 195 195 193 193 192  67
  33 193 199 198 199 199 198 197 197 196 195 195 194 194 196  63
  28 196 200 198 199 199 198 197 197 197 195 195 195 194 198  61
  26 170 201 199 199 199 198 198 198 198 196 196 195 195 198  75
  31 163 199 200 198 201 200 198 199 198 197 196 197 196 196  86
  32 165 199 200 197 201 200 199 198 199 195 194 193 194 195  82
  30 113 143 152 125 167 199 197 198 198 184 134 137 146 140  52
  43  34  32  33  30  41 196 198 199 199 137  19  28  23  26  37
 151  91  66  71  62  93 152 153 152 162 114  63  50  50  72 144
  40 175 186 185 185 172  17  20  28  21 101 179 178 175 180  66
  49 177 182 179 179 173  23  26  29  26 100 178 173 173 179  55
  19 175 183 177 175 167  16  24  30  21 100 178 174 173 172  42
  20 177 181 181 179 165   9  11  20  16 105 179 175 175 173  52
  16 173 179 178 179 177 140 143 127 129 168 179 174 175 177  67
  14 168 179 179 181 181 180 179 178 177 177 178 175 176 176  61
  16 171 182 181 181 182 180 180 179 179 178 179 176 174 175  65
  24 179 181 182 181 182 180 180 180 179 178 178 176 176 178  62
  23 183 182 181 181 182 180 179 179 179 178 178 177 177 177  58
  19 187 183 181 181 182 180 179 179 179 178 178 178 177 180  56
  19 161 184 182 181 182 180 180 180 180 179 179 178 178 180  70
  23 153 183 182 179 181 181 180 181 181 177 178 175 174 181  81
  24 156 186 182 183 185 181 181 179 180 180 183 180 181 182  77
  24 109 138 145 120 156 186 180 179 178 175 129 130 139 129  48
  34  24  23  25  25  34 185 182 179 178 132  16  21  15  17  29

 164  78  63  54  66  84  80  83  79  74  73  88 106 106  73  58
  99 210 217 220 211 216 217 216 218 225 224 226 226 223 159  42
  86 222 222 223 225 228 226 225 226 227 227 228 225 217 166  43
  83 225 226 225 224 226 226 227 226 227 228 228 225 217 158  52
  84 214 220 219 222 228 228 229 228 228 228 229 226 224 149  39
 133 127 129 130 145 210 227 228 228 228 228 229 230 227 207 154
 175  46  53  55  59 163 227 229 229 229 229 230 231 231 228 228
 170  45  57  57  61 171 228 230 230 229 229 230 226 225 230 232
 168  38  53  48  42 190 229 230 231 229 229 230 227 231 232 232
 182  31  41  31  34 181 229 231 231 231 231 231 229 231 221 219
 145 200 204 198 197 218 230 232 232 232 232 232 227 222 160  52
 103 225 229 220 225 227 231 232 232 232 232 232 230 226 132  53
 100 226 231 226 229 231 233 233 233 231 230 230 229 226 160  50
  88 221 227 228 227 229 229 228 227 228 229 229 226 222 154  51
 111 198 199 196 198 197 194 198 207 212 216 191 184 186 129  53
 174  63  73  39  40  42  39  43  56  59  49  46  53  52  49  63
 154  68  55  45  58  71  65  70  67  63  61  75  86  82  52  37
  84 192 191 193 194 190 191 189 192 196 198 198 196 195 140  26
  60 193 192 194 193 194 193 192 193 194 194 195 196 194 146  23
  60 196 193 193 195 194 193 194 193 194 195 195 197 193 137  28
  68 193 195 194 195 195 195 197 195 195 195 196 196 194 134  19
 117 109 113 110 116 176 194 195 195 195 195 196 197 195 184 137
 165  28  37  30  26 138 194 196 196 196 197 198 198 199 198 199
 160  31  38  36  34 148 195 197 198 197 197 198 199 198 198 199
 153  24  38  37  25 156 196 198 198 197 197 198 198 199 197 198
 162  19  24  17  14 156 198 198 198 198 198 198 200 200 199 196
 110 184 183 179 177 196 199 199 199 199 199 199 201 201 167  41
  74 198 197 197 196 198 199 199 199 199 199 199 198 197 125  30
  76 197 200 198 197 198 198 198 199 198 198 199 200 200 152  33
  71 198 199 199 198 201 200 199 198 199 200 201 199 199 143  32
  98 180 182 183 185 181 176 181 189 193 196 170 163 165 113  34
 157  45  57  27  27  24  22  26  35  33  28  26  31  32  30  43
 144  66  55  42  52  67  61  65  62  58  56  70  81  77  48  29
  72 180 179 172 173 177 176 175 178 177 180 180 181 182 129  17
  50 175 173 173 175 175 176 174 176 177 177 178 174 181 139  15
  50 178 173 174 175 174 175 176 176 177 178 178 175 180 130  21
  63 179 178 178 179 179 178 179 178 178 178 179 178 183 129  16
 114 101 100 100 105 168 177 178 178 178 178 179 177 180 175 132
 162  21  26  21  16 129 177 179 179 179 179 180 181 180 178 178
 152  28  29  30  20 127 178 179 180 179 179 180 181 179 179 179
 153  20  26  24  11 143 179 180 180 179 179 180 180 181 180 182
 152  17  23  16   9 140 180 180 180 180 180 180 181 181 186 185
  93 172 173 167 165 177 181 182 182 182 182 182 181 185 156  34
  62 185 179 175 179 179 181 181 181 181 181 181 179 183 120  25
  71 185 179 177 181 178 179 181 182 181 181 182 182 182 145  25
  66 186 182 183 181 179 179 182 181 182 183 184 183 186 138  23
  91 175 177 175 177 173 168 171 179 183 187 161 153 156 109  24
 151  40  49  19  20  16  14  16  24  23  19  19  23  24  24  34

  58  42  43  52  39 154 228 232 232 219  52  53  50  51  53  63
  73 159 166 158 149 207 228 230 232 221 160 132 160 154 129  49
 106 223 217 217 224 227 231 225 231 231 222 226 226 222 186  52
 106 226 225 225 226 230 231 226 227 229 227 230 229 226 184  53
  88 226 228 228 229 229 230 230 230 231 232 232 230 229 191  46
  73 224 227 228 228 228 229 229 229 231 232 232 230 229 216  49
  74 225 227 227 228 228 229 229 229 231 232 232 231 228 212  59
  79 218 226 226 228 228 229 230 231 231 232 232 233 227 207  56
  83 216 225 227 229 228 229 230 230 231 232 232 233 228 198  43
  80 217 226 226 228 227 227 228 229 229 230 231 233 229 194  39
  84 216 228 226 228 210 163 171 190 181 218 227 231 229 197  42
  66 211 225 224 222 145  59  61  42  34 197 225 229 227 198  40
  54 220 223 225 219 130  55  57  48  31 198 220 226 228 196  39
  63 217 222 226 220 129  53  57  53  41 204 229 231 227 199  73
  78 210 222 225 214 127  46  45  38  31 200 225 226 221 198  63
 164  99  86  83  84 133 175 170 168 182 145 103 100  88 111 174
  37  26  23  28  19 137 199 199 198 196  41  30  33  32  34  43
  52 140 146 137 134 184 198 198 197 199 167 125 152 143 113  30
  82 195 194 193 194 195 199 198 199 200 201 197 200 199 165  32
  86 196 196 197 196 197 198 199 198 200 201 198 200 199 163  31
  75 198 195 195 196 196 198 198 198 198 199 199 199 201 170  26
  61 198 194 195 195 195 197 197 197 198 199 199 198 200 196  28
  63 196 194 194 195 195 196 197 197 198 199 199 198 199 193  33
  67 192 193 193 195 195 196 198 198 198 199 199 199 198 189  35
  70 189 192 194 197 195 196 197 198 198 199 199 198 199 181  26
  65 191 193 193 195 194 194 195 196 198 199 199 198 200 176  22
  71 190 194 194 195 176 138 148 156 156 196 198 198 201 181  24
  58 194 193 195 195 116  26  34  25  14 177 196 197 198 185  27
  45 193 194 193 194 110  30  36  37  17 179 197 198 199 183  27
  55 191 192 193 195 113  37  38  38  24 183 197 200 199 182  57
  68 192 193 196 193 109  28  31  24  19 184 198 197 198 180  45
 154  84  60  60  68 117 165 160 153 162 110  74  76  71  98 157
  29  17  15  21  16 132 178 179 182 185  34  25  25  23  24  34
  48 129 139 130 129 175 178 179 180 186 156 120 145 138 109  24
  77 182 181 180 183 180 180 179 181 181 185 183 182 186 156  24
  81 181 174 175 178 177 181 181 180 181 181 179 182 183 153  23
  70 180 178 178 179 179 180 180 180 180 182 181 182 184 161  19
  56 180 177 178 178 178 179 179 179 180 182 181 181 183 187  19
  58 177 177 177 178 178 179 179 179 180 182 181 181 182 183  23
  62 178 176 176 178 178 179 180 180 180 182 181 182 181 179  24
  65 175 174 176 179 178 179 179 180 180 182 181 181 182 171  16
  61 176 176 175 178 177 177 178 179 180 181 181 179 179 168  14
  67 177 175 174 179 168 129 127 143 140 177 179 178 179 173  16
  52 173 175 175 179 105  16  20  11   9 165 179 181 181 177  20
  42 172 173 174 178 100  21  30  24  16 167 175 177 183 175  19
  55 179 173 173 178 100  26  29  26  23 173 179 179 182 177  49
  66 180 175 178 179 101  21  28  20  17 172 185 185 186 175  40
 144  72  50  50  63 114 162 152 153 152  93  62  71  66  91 151

