  35  84  84  55  45  47  55  60  58  51  33  48  52  45  43 187
 199 154  87  60  43  50  56  57  51  49  88 210 194 200 222 133
 233 163  86  61  40  47  54  61  57  47 102 234 235 235 230 107
 237 178  83  59  45  48  55  59  57  49  83 228 241 240 235 104
 239 172  76  55  45  49  57  59  54  48  74 228 241 239 235 110
 234 169  74  53  46  56  57  62  55  49  85 229 239 240 235 115
 233 174  81  55  48  55  57  57  56  52  83 228 239 237 237 111
 239 167  76  59  47  54  57  58  60  56  76 229 239 234 234 106
 235 157  63  59  52  57  56  59  59  63  72 230 239 236 239 117
 231 159  65  57  54  56  57  62  61  58  81 219 231 242 233 138
 161 109  68  57  53  53  52  58  60  55  65 123 124 127 110 169
  67  82  78  59  50  53  52  53  59  61  55  52  46  37  44 150
  56  87  76  64  47  54  55  54  61  57  48  48  53  51  51 131
  57  81  73  58  46  51  55  56  59  54  48  50  57  50  46 142
  55  79  76  62  45  49  54  61  62  57  54  54  55  48  40 157
  55  78  76  57  44  43  52  62  64  59  48  44  46  48  49 159
  24  62  56  34  33  35  36  41  40  38  22  33  36  26  19 161
 181 122  49  38  31  35  37  38  39  38  63 182 175 180 192 105
 205 140  44  37  31  34  35  38  39  35  79 206 207 208 209  95
 207 155  45  37  33  34  35  39  38  37  70 207 209 207 207  89
 208 147  47  36  33  33  37  40  41  36  60 208 209 209 208  89
 208 142  48  36  30  35  36  42  41  36  74 206 208 207 208  99
 205 141  50  38  33  35  36  37  39  36  73 206 208 206 206  96
 206 145  51  40  31  35  36  38  40  36  65 208 207 206 205  94
 207 136  40  38  33  37  36  37  41  36  59 206 208 208 204 101
 206 137  40  35  34  37  38  42  40  37  68 206 208 207 207 109
 132  87  48  37  34  36  35  39  39  37  35  95 107 114  97 127
  36  58  55  37  33  36  35  39  42  40  31  30  28  24  29 137
  37  67  55  37  31  35  37  41  44  38  33  34  37  31  27 128
  36  59  48  34  32  34  35  40  41  36  31  33  38  31  25 127
  37  59  55  39  32  35  36  41  41  37  33  34  36  31  27 126
  38  58  53  35  30  36  38  42  43  37  31  33  34  30  33 132
  18  55  42  24  25  28  28  32  32  29  14  26  29  19  13 153
 172 116  36  25  22  27  28  29  29  28  53 174 163 169 180 102
 188 128  35  28  23  26  27  29  29  25  70 195 191 189 191  88
 188 143  36  27  26  27  27  28  27  27  66 195 188 188 189  84
 189 133  36  26  26  26  30  31  31  28  57 198 188 190 190  84
 191 121  33  24  23  30  30  32  31  28  71 192 190 190 190  94
 189 124  35  26  25  29  29  27  29  28  68 195 190 187 188  89
 187 135  40  28  24  29  30  29  30  29  61 197 188 189 190  90
 185 127  36  29  25  29  26  27  27  28  56 193 185 190 187  93
 189 126  33  28  26  28  28  32  30  28  64 197 187 190 189  96
 128  78  39  28  25  27  24  28  28  24  32  95 100 109  93 118
  30  48  44  29  24  28  26  28  27  23  18  23  25  21  23 130
  29  55  39  27  21  29  30  30  31  29  23  26  30  24  22 123
  29  48  33  22  22  27  29  30  29  28  23  25  32  24  19 121
  29  48  39  27  21  27  29  32  32  29  24  26  28  23  19 117
  28  46  41  26  21  25  29  34  35  29  22  23  25  22  25 127

 187 133 107 104 110 115 111 106 117 138 169 150 131 142 157 159
  43 222 230 235 235 235 237 234 239 233 110  44  51  46  40  49
  45 200 235 240 239 240 237 234 236 242 127  37  51  50  48  48
  52 194 235 241 241 239 239 239 239 231 124  46  53  57  55  46
  48 210 234 228 228 229 228 229 230 219 123  52  48  50  54  44
  33  88 102  83  74  85  83  76  72  81  65  55  48  48  54  48
  51  49  47  49  48  49  52  56  63  58  55  61  57  54  57  59
  58  51  57  57  54  55  56  60  59  61  60  59  61  59  62  64
  60  57  61  59  59  62  57  58  59  62  58  53  54  56  61  62
  55  56  54  55  57  57  57  57  56  57  52  52  55  55  54  52
  47  50  47  48  49  56  55  54  57  56  53  53  54  51  49  43
  45  43  40  45  45  46  48  47  52  54  53  50  47  46  45  44
  55  60  61  59  55  53  55  59  59  57  57  59  64  58  62  57
  84  87  86  83  76  74  81  76  63  65  68  78  76  73  76  76
  84 154 163 178 172 169 174 167 157 159 109  82  87  81  79  78
  35 199 233 237 239 234 233 239 235 231 161  67  56  57  55  55
 161 105  95  89  89  99  96  94 101 109 127 137 128 127 126 132
  19 192 209 207 208 208 206 205 204 207  97  29  27  25  27  33
  26 180 208 207 209 207 206 206 208 207 114  24  31  31  31  30
  36 175 207 209 209 208 208 207 208 208 107  28  37  38  36  34
  33 182 206 207 208 206 206 208 206 206  95  30  34  33  34  33
  22  63  79  70  60  74  73  65  59  68  35  31  33  31  33  31
  38  38  35  37  36  36  36  36  36  37  37  40  38  36  37  37
  40  39  39  38  41  41  39  40  41  40  39  42  44  41  41  43
  41  38  38  39  40  42  37  38  37  42  39  39  41  40  41  42
  36  37  35  35  37  36  36  36  36  38  35  35  37  35  36  38
  35  35  34  34  33  35  35  35  37  37  36  36  35  34  35  36
  33  31  31  33  33  30  33  31  33  34  34  33  31  32  32  30
  34  38  37  37  36  36  38  40  38  35  37  37  37  34  39  35
  56  49  44  45  47  48  50  51  40  40  48  55  55  48  55  53
  62 122 140 155 147 142 141 145 136 137  87  58  67  59  59  58
  24 181 205 207 208 208 205 206 207 206 132  36  37  36  37  38
 153 102  88  84  84  94  89  90  93  96 118 130 123 121 117 127
  13 180 191 189 190 190 188 190 187 189  93  23  22  19  19  25
  19 169 189 188 190 190 187 189 190 190 109  21  24  24  23  22
  29 163 191 188 188 190 190 188 185 187 100  25  30  32  28  25
  26 174 195 195 198 192 195 197 193 197  95  23  26  25  26  23
  14  53  70  66  57  71  68  61  56  64  32  18  23  23  24  22
  29  28  25  27  28  28  28  29  28  28  24  23  29  28  29  29
  32  29  29  27  31  31  29  30  27  30  28  27  31  29  32  35
  32  29  29  28  31  32  27  29  27  32  28  28  30  30  32  34
  28  28  27  27  30  30  29  30  26  28  24  26  30  29  29  29
  28  27  26  27  26  30  29  29  29  28  27  28  29  27  27  25
  25  22  23  26  26  23  25  24  25  26  25  24  21  22  21  21
  24  25  28  27  26  24  26  28  29  28  28  29  27  22  27  26
  42  36  35  36  36  33  35  40  36  33  39  44  39  33  39  41
  55 116 128 143 133 121 124 135 127 126  78  48  55  48  48  46
  18 172 188 188 189 191 189 187 185 189 128  30  29  29  29  28

 159  49  48  46  44  48  59  64  62  52  43  44  57  76  78  55
 157  40  48  55  54  54  57  62  61  54  49  45  62  76  79  55
 142  46  50  57  50  48  54  59  56  55  51  46  58  73  81  57
 131  51  51  53  48  48  57  61  54  55  54  47  64  76  87  56
 150  44  37  46  52  55  61  59  53  52  53  50  59  78  82  67
 169 110 127 124 123  65  55  60  58  52  53  53  57  68 109 161
 138 233 242 231 219  81  58  61  62  57  56  54  57  65 159 231
 117 239 236 239 230  72  63  59  59  56  57  52  59  63 157 235
 106 234 234 239 229  76  56  60  58  57  54  47  59  76 167 239
 111 237 237 239 228  83  52  56  57  57  55  48  55  81 174 233
 115 235 240 239 229  85  49  55  62  57  56  46  53  74 169 234
 110 235 239 241 228  74  48  54  59  57  49  45  55  76 172 239
 104 235 240 241 228  83  49  57  59  55  48  45  59  83 178 237
 107 230 235 235 234 102  47  57  61  54  47  40  61  86 163 233
 133 222 200 194 210  88  49  51  57  56  50  43  60  87 154 199
 187  43  45  52  48  33  51  58  60  55  47  45  55  84  84  35
 132  33  30  34  33  31  37  43  42  38  36  30  35  53  58  38
 126  27  31  36  34  33  37  41  41  36  35  32  39  55  59  37
 127  25  31  38  33  31  36  41  40  35  34  32  34  48  59  36
 128  27  31  37  34  33  38  44  41  37  35  31  37  55  67  37
 137  29  24  28  30  31  40  42  39  35  36  33  37  55  58  36
 127  97 114 107  95  35  37  39  39  35  36  34  37  48  87 132
 109 207 207 208 206  68  37  40  42  38  37  34  35  40 137 206
 101 204 208 208 206  59  36  41  37  36  37  33  38  40 136 207
  94 205 206 207 208  65  36  40  38  36  35  31  40  51 145 206
  96 206 206 208 206  73  36  39  37  36  35  33  38  50 141 205
  99 208 207 208 206  74  36  41  42  36  35  30  36  48 142 208
  89 208 209 209 208  60  36  41  40  37  33  33  36  47 147 208
  89 207 207 209 207  70  37  38  39  35  34  33  37  45 155 207
  95 209 208 207 206  79  35  39  38  35  34  31  37  44 140 205
 105 192 180 175 182  63  38  39  38  37  35  31  38  49 122 181
 161  19  26  36  33  22  38  40  41  36  35  33  34  56  62  24
 127  25  22  25  23  22  29  35  34  29  25  21  26  41  46  28
 117  19  23  28  26  24  29  32  32  29  27  21  27  39  48  29
 121  19  24  32  25  23  28  29  30  29  27  22  22  33  48  29
 123  22  24  30  26  23  29  31  30  30  29  21  27  39  55  29
 130  23  21  25  23  18  23  27  28  26  28  24  29  44  48  30
 118  93 109 100  95  32  24  28  28  24  27  25  28  39  78 128
  96 189 190 187 197  64  28  30  32  28  28  26  28  33 126 189
  93 187 190 185 193  56  28  27  27  26  29  25  29  36 127 185
  90 190 189 188 197  61  29  30  29  30  29  24  28  40 135 187
  89 188 187 190 195  68  28  29  27  29  29  25  26  35 124 189
  94 190 190 190 192  71  28  31  32  30  30  23  24  33 121 191
  84 190 190 188 198  57  28  31  31  30  26  26  26  36 133 189
  84 189 188 188 195  66  27  27  28  27  27  26  27  36 143 188
  88 191 189 191 195  70  25  29  29  27  26  23  28  35 128 188
 102 180 169 163 174  53  28  29  29  28  27  22  25  36 116 172
 153  13  19  29  26  14  29  32  32  28  28  25  24  42  55  18

  55  55  57  56  67 161 231 235 239 233 234 239 237 233 199  35
  78  79  81  87  82 109 159 157 167 174 169 172 178 163 154  84
  76  76  73  76  78  68  65  63  76  81  74  76  83  86  87  84
  57  62  58  64  59  57  57  59  59  55  53  55  59  61  60  55
  44  45  46  47  50  53  54  52  47  48  46  45  45  40  43  45
  43  49  51  54  53  53  56  57  54  55  56  49  48  47  50  47
  52  54  55  55  52  52  57  56  57  57  57  57  55  54  56  55
  62  61  56  54  53  58  62  59  58  57  62  59  59  61  57  60
  64  62  59  61  59  60  61  59  60  56  55  54  57  57  51  58
  59  57  54  57  61  55  58  63  56  52  49  48  49  47  49  51
  48  54  48  48  55  65  81  72  76  83  85  74  83 102  88  33
  44  54  50  48  52 123 219 230 229 228 229 228 228 234 210  48
  46  55  57  53  46 124 231 239 239 239 239 241 241 235 194  52
  48  48  50  51  37 127 242 236 234 237 240 239 240 235 200  45
  49  40  46  51  44 110 233 239 234 237 235 235 235 230 222  43
 159 157 142 131 150 169 138 117 106 111 115 110 104 107 133 187
  38  37  36  37  36 132 206 207 206 205 208 208 207 205 181  24
  58  59  59  67  58  87 137 136 145 141 142 147 155 140 122  62
  53  55  48  55  55  48  40  40  51  50  48  47  45  44  49  56
  35  39  34  37  37  37  35  38  40  38  36  36  37  37  38  34
  30  32  32  31  33  34  34  33  31  33  30  33  33  31  31  33
  36  35  34  35  36  36  37  37  35  35  35  33  34  34  35  35
  38  36  35  37  35  35  38  36  36  36  36  37  35  35  37  36
  42  41  40  41  39  39  42  37  38  37  42  40  39  38  38  41
  43  41  41  44  42  39  40  41  40  39  41  41  38  39  39  40
  37  37  36  38  40  37  37  36  36  36  36  36  37  35  38  38
  31  33  31  33  31  35  68  59  65  73  74  60  70  79  63  22
  33  34  33  34  30  95 206 206 208 206 206 208 207 206 182  33
  34  36  38  37  28 107 208 208 207 208 208 209 209 207 175  36
  30  31  31  31  24 114 207 208 206 206 207 209 207 208 180  26
  33  27  25  27  29  97 207 204 205 206 208 208 207 209 192  19
 132 126 127 128 137 127 109 101  94  96  99  89  89  95 105 161
  28  29  29  29  30 128 189 185 187 189 191 189 188 188 172  18
  46  48  48  55  48  78 126 127 135 124 121 133 143 128 116  55
  41  39  33  39  44  39  33  36  40  35  33  36  36  35  36  42
  26  27  22  27  29  28  28  29  28  26  24  26  27  28  25  24
  21  21  22  21  24  25  26  25  24  25  23  26  26  23  22  25
  25  27  27  29  28  27  28  29  29  29  30  26  27  26  27  28
  29  29  29  30  26  24  28  26  30  29  30  30  27  27  28  28
  34  32  30  30  28  28  32  27  29  27  32  31  28  29  29  32
  35  32  29  31  27  28  30  27  30  29  31  31  27  29  29  32
  29  29  28  29  23  24  28  28  29  28  28  28  27  25  28  29
  22  24  23  23  18  32  64  56  61  68  71  57  66  70  53  14
  23  26  25  26  23  95 197 193 197 195 192 198 195 195 174  26
  25  28  32  30  25 100 187 185 188 190 190 188 188 191 163  29
  22  23  24  24  21 109 190 190 189 187 190 190 188 189 169  19
  25  19  19  22  23  93 189 187 190 188 190 190 189 191 180  13
 127 117 121 123 130 118  96  93  90  89  94  84  84  88 102 153

