  48 172 227 230 227 229 231 229 229 229 230 230 230 232 227 103
  53  83  82  71  67  69  71  73  71  77  71  73  71  73  79 172
  57  96  84  62  51  50  55  56  52  56  53  59  52  47  44 176
  66 102  87  61  50  48  58  66  52  55  56  62  54  53  47 169
  71 100  80  61  47  51  60  60  50  54  52  59  50  45  41 172
  67  98  83  58  43  49  57  60  52  56  52  56  52  48  45 176
  65  98  77  57  47  52  57  60  54  57  52  56  55  48  35 175
  62  89  78  61  51  55  56  58  56  58  50  55  55  45  29 183
  63  93  78  65  54  50  53  63  59  56  48  51  54  45  27 189
  55  76  63  50  45  47  51  52  53  52  44  47  50  44  30 192
 156 163 157 146 143 150 150 157 160 153 111  47  51  47  41 196
 230 234 232 233 233 233 233 234 236 235 170  50  56  47  41 197
 241 241 237 238 238 239 239 240 242 236 168  44  52  50  48 179
 239 241 238 239 239 239 239 239 242 237 162  45  55  52  47 185
 236 235 231 231 234 239 241 240 237 232 154  46  58  54  46 199
  76  86  78  75  74  78  78  78  72  71  52  51  61  52  45 205
  29 158 207 206 205 206 207 209 209 208 210 209 210 208 206  74
  33  68  72  66  64  65  66  68  67  67  65  66  66  64  65 149
  37  72  58  41  35  35  37  38  39  37  35  39  39  36  29 160
  46  78  61  38  36  39  40  45  40  37  36  40  42  38  33 160
  51  79  58  42  35  37  35  38  37  36  33  38  39  35  31 164
  48  77  60  42  36  35  35  41  38  36  35  38  39  38  35 166
  46  78  56  39  34  34  36  41  40  37  34  38  40  38  25 165
  44  69  56  38  33  34  35  39  38  37  33  38  39  34  19 172
  47  74  53  39  34  36  35  43  38  35  32  38  38  35  18 177
  35  54  40  29  26  28  31  30  28  28  26  36  38  33  18 180
 122 125 121 114 112 113 114 117 113 111  83  31  38  33  26 182
 208 208 205 206 206 206 206 208 207 207 153  29  37  35  27 185
 207 206 206 207 207 207 207 207 206 205 150  27  37  36  31 167
 207 206 206 206 206 206 206 206 206 206 143  27  38  34  28 171
 207 208 210 208 207 208 207 206 207 207 134  26  38  36  27 176
  53  66  56  53  52  58  57  58  57  55  34  30  36  33  26 180
  24 152 194 190 194 193 194 192 190 190 191 190 191 194 193  65
  27  61  63  58  61  64  65  63  61  62  59  60  61  65  63 141
  29  60  44  30  28  29  30  30  31  30  28  32  31  29  23 155
  38  67  50  30  28  30  30  35  29  26  26  30  31  25  24 156
  40  66  46  33  27  28  26  27  25  26  23  29  29  25  24 159
  36  63  47  31  27  26  27  30  26  25  26  30  30  28  30 162
  34  63  42  29  26  25  26  31  29  26  25  30  31  29  20 162
  32  55  43  28  26  27  27  29  28  27  25  30  31  25  14 168
  32  58  41  30  27  28  27  34  30  28  25  31  32  28  13 172
  26  41  30  22  20  22  25  23  22  22  21  29  30  27  13 175
 108 113 113 110 108 110 111 113 110 108  79  25  31  28  19 178
 190 190 191 193 193 192 192 191 190 192 143  23  30  26  17 180
 187 187 187 188 188 189 189 189 189 189 139  21  28  26  22 164
 186 187 188 188 188 189 189 188 189 189 131  20  28  25  19 169
 190 195 190 189 189 190 190 189 190 192 125  20  27  25  19 170
  48  62  53  50  49  54  54  54  52  50  31  24  28  23  18 173

 103 172 176 169 172 176 175 183 189 192 196 197 179 185 199 205
 227  79  44  47  41  45  35  29  27  30  41  41  48  47  46  45
 232  73  47  53  45  48  48  45  45  44  47  47  50  52  54  52
 230  71  52  54  50  52  55  55  54  50  51  56  52  55  58  61
 230  73  59  62  59  56  56  55  51  47  47  50  44  45  46  51
 230  71  53  56  52  52  52  50  48  44 111 170 168 162 154  52
 229  77  56  55  54  56  57  58  56  52 153 235 236 237 232  71
 229  71  52  52  50  52  54  56  59  53 160 236 242 242 237  72
 229  73  56  66  60  60  60  58  63  52 157 234 240 239 240  78
 231  71  55  58  60  57  57  56  53  51 150 233 239 239 241  78
 229  69  50  48  51  49  52  55  50  47 150 233 239 239 239  78
 227  67  51  50  47  43  47  51  54  45 143 233 238 239 234  74
 230  71  62  61  61  58  57  61  65  50 146 233 238 239 231  75
 227  82  84  87  80  83  77  78  78  63 157 232 237 238 231  78
 172  83  96 102 100  98  98  89  93  76 163 234 241 241 235  86
  48  53  57  66  71  67  65  62  63  55 156 230 241 239 236  76
  74 149 160 160 164 166 165 172 177 180 182 185 167 171 176 180
 206  65  29  33  31  35  25  19  18  18  26  27  31  28  27  26
 208  64  36  38  35  38  38  34  35  33  33  35  36  34  36  33
 210  66  39  42  39  39  40  39  38  38  38  37  37  38  38  36
 209  66  39  40  38  38  38  38  38  36  31  29  27  27  26  30
 210  65  35  36  33  35  34  33  32  26  83 153 150 143 134  34
 208  67  37  37  36  36  37  37  35  28 111 207 205 206 207  55
 209  67  39  40  37  38  40  38  38  28 113 207 206 206 207  57
 209  68  38  45  38  41  41  39  43  30 117 208 207 206 206  58
 207  66  37  40  35  35  36  35  35  31 114 206 207 206 207  57
 206  65  35  39  37  35  34  34  36  28 113 206 207 206 208  58
 205  64  35  36  35  36  34  33  34  26 112 206 207 206 207  52
 206  66  41  38  42  42  39  38  39  29 114 206 207 206 208  53
 207  72  58  61  58  60  56  56  53  40 121 205 206 206 210  56
 158  68  72  78  79  77  78  69  74  54 125 208 206 206 208  66
  29  33  37  46  51  48  46  44  47  35 122 208 207 207 207  53
  65 141 155 156 159 162 162 168 172 175 178 180 164 169 170 173
 193  63  23  24  24  30  20  14  13  13  19  17  22  19  19  18
 194  65  29  25  25  28  29  25  28  27  28  26  26  25  25  23
 191  61  31  31  29  30  31  31  32  30  31  30  28  28  27  28
 190  60  32  30  29  30  30  30  31  29  25  23  21  20  20  24
 191  59  28  26  23  26  25  25  25  21  79 143 139 131 125  31
 190  62  30  26  26  25  26  27  28  22 108 192 189 189 192  50
 190  61  31  29  25  26  29  28  30  22 110 190 189 189 190  52
 192  63  30  35  27  30  31  29  34  23 113 191 189 188 189  54
 194  65  30  30  26  27  26  27  27  25 111 192 189 189 190  54
 193  64  29  30  28  26  25  27  28  22 110 192 189 189 190  54
 194  61  28  28  27  27  26  26  27  20 108 193 188 188 189  49
 190  58  30  30  33  31  29  28  30  22 110 193 188 188 189  50
 194  63  44  50  46  47  42  43  41  30 113 191 187 188 190  53
 152  61  60  67  66  63  63  55  58  41 113 190 187 187 195  62
  24  27  29  38  40  36  34  32  32  26 108 190 187 186 190  48

 205  45  52  61  51  52  71  72  78  78  78  74  75  78  86  76
 199  46  54  58  46 154 232 237 240 241 239 234 231 231 235 236
 185  47  52  55  45 162 237 242 239 239 239 239 239 238 241 239
 179  48  50  52  44 168 236 242 240 239 239 238 238 237 241 241
 197  41  47  56  50 170 235 236 234 233 233 233 233 232 234 230
 196  41  47  51  47 111 153 160 157 150 150 143 146 157 163 156
 192  30  44  50  47  44  52  53  52  51  47  45  50  63  76  55
 189  27  45  54  51  48  56  59  63  53  50  54  65  78  93  63
 183  29  45  55  55  50  58  56  58  56  55  51  61  78  89  62
 175  35  48  55  56  52  57  54  60  57  52  47  57  77  98  65
 176  45  48  52  56  52  56  52  60  57  49  43  58  83  98  67
 172  41  45  50  59  52  54  50  60  60  51  47  61  80 100  71
 169  47  53  54  62  56  55  52  66  58  48  50  61  87 102  66
 176  44  47  52  59  53  56  52  56  55  50  51  62  84  96  57
 172  79  73  71  73  71  77  71  73  71  69  67  71  82  83  53
 103 227 232 230 230 230 229 229 229 231 229 227 230 227 172  48
 180  26  33  36  30  34  55  57  58  57  58  52  53  56  66  53
 176  27  36  38  26 134 207 207 206 207 208 207 208 210 208 207
 171  28  34  38  27 143 206 206 206 206 206 206 206 206 206 207
 167  31  36  37  27 150 205 206 207 207 207 207 207 206 206 207
 185  27  35  37  29 153 207 207 208 206 206 206 206 205 208 208
 182  26  33  38  31  83 111 113 117 114 113 112 114 121 125 122
 180  18  33  38  36  26  28  28  30  31  28  26  29  40  54  35
 177  18  35  38  38  32  35  38  43  35  36  34  39  53  74  47
 172  19  34  39  38  33  37  38  39  35  34  33  38  56  69  44
 165  25  38  40  38  34  37  40  41  36  34  34  39  56  78  47
 166  35  38  39  38  35  36  38  41  35  35  36  42  60  77  48
 164  31  35  39  38  33  36  37  38  35  37  35  42  58  79  51
 160  33  38  42  40  36  37  40  45  40  39  36  38  61  78  46
 160  29  36  39  39  35  37  39  38  37  35  35  41  58  72  37
 149  65  64  66  66  65  67  67  68  66  65  64  66  72  68  33
  74 206 208 210 209 210 208 209 209 207 206 205 206 207 158  29
 173  18  23  28  24  31  50  52  54  54  54  49  50  53  62  48
 170  19  25  27  20 125 192 190 189 190 190 189 189 190 195 190
 169  19  25  28  20 131 189 189 188 189 189 188 188 188 187 186
 164  22  26  28  21 139 189 189 189 189 189 188 188 187 187 187
 180  17  26  30  23 143 192 190 191 192 192 193 193 191 190 190
 178  19  28  31  25  79 108 110 113 111 110 108 110 113 113 108
 175  13  27  30  29  21  22  22  23  25  22  20  22  30  41  26
 172  13  28  32  31  25  28  30  34  27  28  27  30  41  58  32
 168  14  25  31  30  25  27  28  29  27  27  26  28  43  55  32
 162  20  29  31  30  25  26  29  31  26  25  26  29  42  63  35
 162  30  28  30  30  26  25  26  30  27  26  27  31  47  63  36
 159  24  25  29  29  23  26  25  27  26  28  27  33  46  66  40
 156  24  25  31  30  26  26  29  35  30  30  28  30  50  67  38
 155  23  29  31  32  28  30  31  30  30  29  28  30  44  60  29
 141  63  65  61  60  59  62  61  63  65  64  61  58  63  61  27
  65 193 194 191 191 191 190 190 192 194 193 194 190 194 152  24

  76 236 239 241 230 156  55  63  62  65  67  71  66  57  53  48
  86 235 241 241 234 163  76  93  89  98  98 100 102  96  83 172
  78 231 238 237 232 157  63  78  78  77  83  80  87  84  82 227
  75 231 239 238 233 146  50  65  61  57  58  61  61  62  71 230
  74 234 239 238 233 143  45  54  51  47  43  47  50  51  67 227
  78 239 239 239 233 150  47  50  55  52  49  51  48  50  69 229
  78 241 239 239 233 150  51  53  56  57  57  60  58  55  71 231
  78 240 239 240 234 157  52  63  58  60  60  60  66  56  73 229
  72 237 242 242 236 160  53  59  56  54  52  50  52  52  71 229
  71 232 237 236 235 153  52  56  58  57  56  54  55  56  77 229
  52 154 162 168 170 111  44  48  50  52  52  52  56  53  71 230
  51  46  45  44  50  47  47  51  55  56  56  59  62  59  73 230
  61  58  55  52  56  51  50  54  55  55  52  50  54  52  71 230
  52  54  52  50  47  47  44  45  45  48  48  45  53  47  73 232
  45  46  47  48  41  41  30  27  29  35  45  41  47  44  79 227
 205 199 185 179 197 196 192 189 183 175 176 172 169 176 172 103
  53 207 207 207 208 122  35  47  44  47  48  51  46  37  33  29
  66 208 206 206 208 125  54  74  69  78  77  79  78  72  68 158
  56 210 206 206 205 121  40  53  56  56  60  58  61  58  72 207
  53 208 206 207 206 114  29  39  38  39  42  42  38  41  66 206
  52 207 206 207 206 112  26  34  33  34  36  35  36  35  64 205
  58 208 206 207 206 113  28  36  34  34  35  37  39  35  65 206
  57 207 206 207 206 114  31  35  35  36  35  35  40  37  66 207
  58 206 206 207 208 117  30  43  39  41  41  38  45  38  68 209
  57 207 206 206 207 113  28  38  38  40  38  37  40  39  67 209
  55 207 206 205 207 111  28  35  37  37  36  36  37  37  67 208
  34 134 143 150 153  83  26  32  33  34  35  33  36  35  65 210
  30  26  27  27  29  31  36  38  38  38  38  38  40  39  66 209
  36  38  38  37  37  38  38  38  39  40  39  39  42  39  66 210
  33  36  34  36  35  33  33  35  34  38  38  35  38  36  64 208
  26  27  28  31  27  26  18  18  19  25  35  31  33  29  65 206
 180 176 171 167 185 182 180 177 172 165 166 164 160 160 149  74
  48 190 186 187 190 108  26  32  32  35  36  40  38  29  27  24
  62 195 187 187 190 113  41  58  55  63  63  66  67  60  61 152
  53 190 188 187 191 113  30  41  43  42  47  46  50  44  63 194
  50 189 188 188 193 110  22  30  28  29  31  33  30  30  58 190
  49 189 188 188 193 108  20  27  26  26  27  27  28  28  61 194
  54 190 189 189 192 110  22  28  27  25  26  28  30  29  64 193
  54 190 189 189 192 111  25  27  27  26  27  26  30  30  65 194
  54 189 188 189 191 113  23  34  29  31  30  27  35  30  63 192
  52 190 189 189 190 110  22  30  28  29  26  25  29  31  61 190
  50 192 189 189 192 108  22  28  27  26  25  26  26  30  62 190
  31 125 131 139 143  79  21  25  25  25  26  23  26  28  59 191
  24  20  20  21  23  25  29  31  30  30  30  29  30  32  60 191
  28  27  28  28  30  31  30  32  31  31  30  29  31  31  61 191
  23  25  25  26  26  28  27  28  25  29  28  25  25  29  65 194
  18  19  19  22  17  19  13  13  14  20  30  24  24  23  63 193
 173 170 169 164 180 178 175 172 168 162 162 159 156 155 141  65

