  49  92  73  54  45  40  39  49  51  50  49  51  56  48  40 193
 138 171 157 135 144 162 142 151 159 141 106  48  54  52  33 181
 240 240 240 242 241 237 235 236 238 233 175  54  56  54  33 176
 243 242 241 242 243 243 242 242 245 241 187  61  58  57  38 180
 243 243 244 243 242 241 239 239 243 242 189  54  59  52  39 181
 243 244 243 243 243 241 239 240 243 243 200  55  54  55  37 194
 242 244 243 242 243 244 241 241 243 242 194  56  58  53  38 170
 242 243 242 243 243 245 243 242 242 239 200  49  59  49  38 165
 242 243 243 244 243 244 244 240 240 242 191  51  60  52  41 160
 241 238 236 237 241 243 244 239 241 238 203  55  62  53  39 175
 242 218 154 163 176 167 169 175 173 153 167 116 113 113 106 164
 240 144  54  52  47  51  57  49  43  38 100 226 230 234 232 147
 241 144  82  65  57  54  60  60  60  51  89 230 238 241 238 144
 243 149  79  67  62  61  65  57  58  48  96 231 242 242 240 141
 235 145  78  63  57  63  63  57  56  52  86 226 236 227 229 147
  84  96  80  58  53  58  62  58  62  56  43  81  66  71  86 167
  33  68  45  28  28  33  32  31  33  31  30  38  40  32  19 172
 125 150 133 116 128 131 119 135 141 126  93  30  37  32  19 166
 212 211 211 210 209 209 211 212 212 210 155  28  42  33  17 162
 211 210 210 210 211 210 211 213 212 212 166  29  41  34  23 172
 212 212 213 211 210 209 210 211 211 211 163  33  39  34  24 159
 211 212 212 212 211 212 210 208 209 212 171  30  38  35  23 165
 211 213 212 211 212 214 212 209 210 211 166  31  38  35  24 152
 211 212 211 212 212 214 212 210 211 211 175  26  38  34  24 157
 211 212 212 213 212 213 212 211 210 213 170  28  40  33  27 151
 211 214 211 209 209 213 208 211 209 209 176  31  40  34  22 155
 215 193 141 143 154 143 143 155 153 138 149  98 104 102  94 142
 213 119  39  30  29  32  34  34  31  28  87 209 209 209 209 119
 213 117  54  40  35  39  44  42  45  40  77 209 210 209 212 115
 214 119  49  42  36  40  47  43  45  38  83 210 210 208 210 119
 212 108  50  39  36  38  44  42  41  40  74 208 209 207 205 125
  71  65  56  38  36  36  44  42  42  38  31  74  59  56  64 147
  24  56  35  20  19  23  22  19  18  15  20  28  29  24  15 160
 116 142 128 113 126 130 118 131 138 122  86  21  25  24  18 157
 195 194 193 190 190 191 192 194 195 196 143  18  30  25  16 157
 191 190 189 189 191 189 189 189 191 193 147  22  31  24  20 167
 190 191 191 190 189 191 190 189 189 190 144  23  32  24  19 154
 191 192 191 191 190 188 188 190 190 190 152  20  30  24  17 156
 189 191 190 189 190 190 188 189 189 189 149  20  31  25  16 144
 189 190 189 190 190 191 189 189 188 190 159  17  30  24  16 149
 189 190 190 191 191 190 191 187 188 191 151  21  29  27  19 147
 191 188 188 192 191 189 191 188 190 192 149  22  29  26  13 151
 193 174 132 138 143 130 139 146 145 131 133  82  99  95  86 129
 192  98  27  24  25  27  27  28  31  21  80 197 197 195 196 107
 192  97  38  28  27  30  33  30  33  33  70 195 190 191 192 102
 190 101  33  29  27  31  36  34  35  28  74 193 188 190 188 103
 195  91  33  26  26  30  33  34  32  32  68 198 194 191 189 112
  65  54  39  24  26  30  36  34  35  32  28  71  57  51  55 137

 193 181 176 180 181 194 170 165 160 175 164 147 144 141 147 167
  40  33  33  38  39  37  38  38  41  39 106 232 238 240 229  86
  48  52  54  57  52  55  53  49  52  53 113 234 241 242 227  71
  56  54  56  58  59  54  58  59  60  62 113 230 238 242 236  66
  51  48  54  61  54  55  56  49  51  55 116 226 230 231 226  81
  49 106 175 187 189 200 194 200 191 203 167 100  89  96  86  43
  50 141 233 241 242 243 242 239 242 238 153  38  51  48  52  56
  51 159 238 245 243 243 243 242 240 241 173  43  60  58  56  62
  49 151 236 242 239 240 241 242 240 239 175  49  60  57  57  58
  39 142 235 242 239 239 241 243 244 244 169  57  60  65  63  62
  40 162 237 243 241 241 244 245 244 243 167  51  54  61  63  58
  45 144 241 243 242 243 243 243 243 241 176  47  57  62  57  53
  54 135 242 242 243 243 242 243 244 237 163  52  65  67  63  58
  73 157 240 241 244 243 243 242 243 236 154  54  82  79  78  80
  92 171 240 242 243 244 244 243 243 238 218 144 144 149 145  96
  49 138 240 243 243 243 242 242 242 241 242 240 241 243 235  84
 172 166 162 172 159 165 152 157 151 155 142 119 115 119 125 147
  19  19  17  23  24  23  24  24  27  22  94 209 212 210 205  64
  32  32  33  34  34  35  35  34  33  34 102 209 209 208 207  56
  40  37  42  41  39  38  38  38  40  40 104 209 210 210 209  59
  38  30  28  29  33  30  31  26  28  31  98 209 209 210 208  74
  30  93 155 166 163 171 166 175 170 176 149  87  77  83  74  31
  31 126 210 212 211 212 211 211 213 209 138  28  40  38  40  38
  33 141 212 212 211 209 210 211 210 209 153  31  45  45  41  42
  31 135 212 213 211 208 209 210 211 211 155  34  42  43  42  42
  32 119 211 211 210 210 212 212 212 208 143  34  44  47  44  44
  33 131 209 210 209 212 214 214 213 213 143  32  39  40  38  36
  28 128 209 211 210 211 212 212 212 209 154  29  35  36  36  36
  28 116 210 210 211 212 211 212 213 209 143  30  40  42  39  38
  45 133 211 210 213 212 212 211 212 211 141  39  54  49  50  56
  68 150 211 210 212 212 213 212 212 214 193 119 117 119 108  65
  33 125 212 211 212 211 211 211 211 211 215 213 213 214 212  71
 160 157 157 167 154 156 144 149 147 151 129 107 102 103 112 137
  15  18  16  20  19  17  16  16  19  13  86 196 192 188 189  55
  24  24  25  24  24  24  25  24  27  26  95 195 191 190 191  51
  29  25  30  31  32  30  31  30  29  29  99 197 190 188 194  57
  28  21  18  22  23  20  20  17  21  22  82 197 195 193 198  71
  20  86 143 147 144 152 149 159 151 149 133  80  70  74  68  28
  15 122 196 193 190 190 189 190 191 192 131  21  33  28  32  32
  18 138 195 191 189 190 189 188 188 190 145  31  33  35  32  35
  19 131 194 189 189 190 189 189 187 188 146  28  30  34  34  34
  22 118 192 189 190 188 188 189 191 191 139  27  33  36  33  36
  23 130 191 189 191 188 190 191 190 189 130  27  30  31  30  30
  19 126 190 191 189 190 190 190 191 191 143  25  27  27  26  26
  20 113 190 189 190 191 189 190 191 192 138  24  28  29  26  24
  35 128 193 189 191 191 190 189 190 188 132  27  38  33  33  39
  56 142 194 190 191 192 191 190 190 188 174  98  97 101  91  54
  24 116 195 191 190 191 189 189 189 191 193 192 192 190 195  65

 167  86  71  66  81  43  56  62  58  62  58  53  58  80  96  84
 147 229 227 236 226  86  52  56  57  63  63  57  63  78 145 235
 141 240 242 242 231  96  48  58  57  65  61  62  67  79 149 243
 144 238 241 238 230  89  51  60  60  60  54  57  65  82 144 241
 147 232 234 230 226 100  38  43  49  57  51  47  52  54 144 240
 164 106 113 113 116 167 153 173 175 169 167 176 163 154 218 242
 175  39  53  62  55 203 238 241 239 244 243 241 237 236 238 241
 160  41  52  60  51 191 242 240 240 244 244 243 244 243 243 242
 165  38  49  59  49 200 239 242 242 243 245 243 243 242 243 242
 170  38  53  58  56 194 242 243 241 241 244 243 242 243 244 242
 194  37  55  54  55 200 243 243 240 239 241 243 243 243 244 243
 181  39  52  59  54 189 242 243 239 239 241 242 243 244 243 243
 180  38  57  58  61 187 241 245 242 242 243 243 242 241 242 243
 176  33  54  56  54 175 233 238 236 235 237 241 242 240 240 240
 181  33  52  54  48 106 141 159 151 142 162 144 135 157 171 138
 193  40  48  56  51  49  50  51  49  39  40  45  54  73  92  49
 147  64  56  59  74  31  38  42  42  44  36  36  38  56  65  71
 125 205 207 209 208  74  40  41  42  44  38  36  39  50 108 212
 119 210 208 210 210  83  38  45  43  47  40  36  42  49 119 214
 115 212 209 210 209  77  40  45  42  44  39  35  40  54 117 213
 119 209 209 209 209  87  28  31  34  34  32  29  30  39 119 213
 142  94 102 104  98 149 138 153 155 143 143 154 143 141 193 215
 155  22  34  40  31 176 209 209 211 208 213 209 209 211 214 211
 151  27  33  40  28 170 213 210 211 212 213 212 213 212 212 211
 157  24  34  38  26 175 211 211 210 212 214 212 212 211 212 211
 152  24  35  38  31 166 211 210 209 212 214 212 211 212 213 211
 165  23  35  38  30 171 212 209 208 210 212 211 212 212 212 211
 159  24  34  39  33 163 211 211 211 210 209 210 211 213 212 212
 172  23  34  41  29 166 212 212 213 211 210 211 210 210 210 211
 162  17  33  42  28 155 210 212 212 211 209 209 210 211 211 212
 166  19  32  37  30  93 126 141 135 119 131 128 116 133 150 125
 172  19  32  40  38  30  31  33  31  32  33  28  28  45  68  33
 137  55  51  57  71  28  32  35  34  36  30  26  24  39  54  65
 112 189 191 194 198  68  32  32  34  33  30  26  26  33  91 195
 103 188 190 188 193  74  28  35  34  36  31  27  29  33 101 190
 102 192 191 190 195  70  33  33  30  33  30  27  28  38  97 192
 107 196 195 197 197  80  21  31  28  27  27  25  24  27  98 192
 129  86  95  99  82 133 131 145 146 139 130 143 138 132 174 193
 151  13  26  29  22 149 192 190 188 191 189 191 192 188 188 191
 147  19  27  29  21 151 191 188 187 191 190 191 191 190 190 189
 149  16  24  30  17 159 190 188 189 189 191 190 190 189 190 189
 144  16  25  31  20 149 189 189 189 188 190 190 189 190 191 189
 156  17  24  30  20 152 190 190 190 188 188 190 191 191 192 191
 154  19  24  32  23 144 190 189 189 190 191 189 190 191 191 190
 167  20  24  31  22 147 193 191 189 189 189 191 189 189 190 191
 157  16  25  30  18 143 196 195 194 192 191 190 190 193 194 195
 157  18  24  25  21  86 122 138 131 118 130 126 113 128 142 116
 160  15  24  29  28  20  15  18  19  22  23  19  20  35  56  24

  84 235 243 241 240 242 241 242 242 242 243 243 243 240 138  49
  96 145 149 144 144 218 238 243 243 244 244 243 242 240 171  92
  80  78  79  82  54 154 236 243 242 243 243 244 241 240 157  73
  58  63  67  65  52 163 237 244 243 242 243 243 242 242 135  54
  53  57  62  57  47 176 241 243 243 243 243 242 243 241 144  45
  58  63  61  54  51 167 243 244 245 244 241 241 243 237 162  40
  62  63  65  60  57 169 244 244 243 241 239 239 242 235 142  39
  58  57  57  60  49 175 239 240 242 241 240 239 242 236 151  49
  62  56  58  60  43 173 241 240 242 243 243 243 245 238 159  51
  56  52  48  51  38 153 238 242 239 242 243 242 241 233 141  50
  43  86  96  89 100 167 203 191 200 194 200 189 187 175 106  49
  81 226 231 230 226 116  55  51  49  56  55  54  61  54  48  51
  66 236 242 238 230 113  62  60  59  58  54  59  58  56  54  56
  71 227 242 241 234 113  53  52  49  53  55  52  57  54  52  48
  86 229 240 238 232 106  39  41  38  38  37  39  38  33  33  40
 167 147 141 144 147 164 175 160 165 170 194 181 180 176 181 193
  71 212 214 213 213 215 211 211 211 211 211 212 211 212 125  33
  65 108 119 117 119 193 214 212 212 213 212 212 210 211 150  68
  56  50  49  54  39 141 211 212 211 212 212 213 210 211 133  45
  38  39  42  40  30 143 209 213 212 211 212 211 210 210 116  28
  36  36  36  35  29 154 209 212 212 212 211 210 211 209 128  28
  36  38  40  39  32 143 213 213 214 214 212 209 210 209 131  33
  44  44  47  44  34 143 208 212 212 212 210 210 211 211 119  32
  42  42  43  42  34 155 211 211 210 209 208 211 213 212 135  31
  42  41  45  45  31 153 209 210 211 210 209 211 212 212 141  33
  38  40  38  40  28 138 209 213 211 211 212 211 212 210 126  31
  31  74  83  77  87 149 176 170 175 166 171 163 166 155  93  30
  74 208 210 209 209  98  31  28  26  31  30  33  29  28  30  38
  59 209 210 210 209 104  40  40  38  38  38  39  41  42  37  40
  56 207 208 209 209 102  34  33  34  35  35  34  34  33  32  32
  64 205 210 212 209  94  22  27  24  24  23  24  23  17  19  19
 147 125 119 115 119 142 155 151 157 152 165 159 172 162 166 172
  65 195 190 192 192 193 191 189 189 189 191 190 191 195 116  24
  54  91 101  97  98 174 188 190 190 191 192 191 190 194 142  56
  39  33  33  38  27 132 188 190 189 190 191 191 189 193 128  35
  24  26  29  28  24 138 192 191 190 189 191 190 189 190 113  20
  26  26  27  27  25 143 191 191 190 190 190 189 191 190 126  19
  30  30  31  30  27 130 189 190 191 190 188 191 189 191 130  23
  36  33  36  33  27 139 191 191 189 188 188 190 189 192 118  22
  34  34  34  30  28 146 188 187 189 189 190 189 189 194 131  19
  35  32  35  33  31 145 190 188 188 189 190 189 191 195 138  18
  32  32  28  33  21 131 192 191 190 189 190 190 193 196 122  15
  28  68  74  70  80 133 149 151 159 149 152 144 147 143  86  20
  71 198 193 195 197  82  22  21  17  20  20  23  22  18  21  28
  57 194 188 190 197  99  29  29  30  31  30  32  31  30  25  29
  51 191 190 191 195  95  26  27  24  25  24  24  24  25  24  24
  55 189 188 192 196  86  13  19  16  16  17  19  20  16  18  15
 137 112 103 102 107 129 151 147 149 144 156 154 167 157 157 160

