  54  46  46  50  53  52  50  49  34  37  39  38  34  38  39 212
  55 135 154 174 187 189 186 180 177 177 176 170 164 160 163 103
  50 208 226 230 232 236 237 236 235 234 234 233 232 232 225  88
  38 223 238 239 240 240 239 239 239 238 238 237 237 237 231  81
  39 217 239 239 239 239 239 239 239 239 238 238 237 236 240  74
  58 208 236 239 240 239 239 240 240 239 238 238 237 236 236  85
  64 205 235 238 239 239 239 239 239 238 240 240 238 236 233  70
  44 220 238 237 238 239 240 239 239 238 239 240 239 236 229  63
  46 224 241 234 238 239 239 239 239 238 239 240 239 236 223  79
  63 219 241 240 238 239 239 239 239 237 239 237 236 240 234  62
  64 218 239 237 239 239 239 240 240 236 239 238 236 239 232  60
  47 223 238 238 239 239 238 239 239 237 239 238 235 239 232  61
  43 221 237 236 237 238 239 239 239 239 239 237 235 240 232  69
  62 218 238 235 238 238 239 239 239 238 236 235 238 239 224  77
  83 217 238 240 238 238 239 239 239 238 234 227 229 230 226  73
 208 240 240 234 238 239 238 238 238 239 154  87  81  82  85 190
  37  30  32  32  37  38  37  36  25  22  21  21  22  23  19 192
  40 126 154 169 179 178 173 168 165 163 157 153 151 149 149  91
  37 189 209 208 207 207 208 208 208 209 208 207 208 208 203  68
  25 202 208 209 210 210 209 209 209 210 210 209 209 209 205  60
  29 202 208 208 208 209 209 209 209 211 210 210 209 208 212  48
  46 196 208 209 209 209 209 210 210 210 210 209 209 208 209  50
  48 194 209 208 208 209 209 209 209 210 210 208 209 209 207  47
  29 203 210 207 207 208 209 209 208 210 210 208 209 209 202  54
  31 203 209 207 207 209 208 209 208 209 210 208 208 209 196  56
  45 194 207 207 207 208 209 209 208 208 208 208 210 208 210  45
  47 196 208 207 208 208 208 210 209 207 207 208 209 208 206  43
  33 204 209 208 208 208 207 208 208 208 208 209 209 207 205  43
  33 206 208 206 206 207 208 208 208 209 209 209 208 207 203  50
  50 201 209 208 207 207 208 208 208 207 209 208 207 206 198  58
  68 197 208 209 207 207 208 208 208 208 205 203 203 203 204  50
 183 207 208 209 208 208 208 208 208 210 130  73  70  69  77 168
  30  24  24  21  27  30  29  30  19  19  17  17  15  16  14 187
  33 117 144 165 175 174 168 162 159 158 153 152 151 150 151  90
  29 179 194 196 194 193 193 193 193 194 193 193 194 194 192  64
  18 193 192 191 192 192 191 191 191 192 192 191 191 191 188  53
  23 194 194 191 191 191 191 191 191 193 192 192 191 190 194  38
  41 188 193 192 192 191 191 192 192 192 192 191 191 190 192  41
  46 187 192 191 191 191 191 191 191 192 192 191 189 190 194  42
  26 196 191 190 190 191 192 191 191 192 192 191 189 189 189  46
  25 196 189 189 190 191 191 191 191 191 192 191 189 189 182  49
  41 184 191 190 190 191 191 191 191 189 190 191 189 192 198  40
  42 185 191 189 191 191 191 192 192 188 189 191 190 190 194  37
  27 194 192 191 191 191 190 191 191 189 190 191 189 189 193  36
  28 197 190 191 189 190 191 191 191 191 190 190 189 188 191  44
  48 195 188 191 190 190 191 191 191 191 191 189 192 188 186  52
  65 189 189 189 190 190 191 191 191 191 191 188 189 192 189  37
 175 193 191 190 190 191 191 191 191 194 121  65  61  64  72 156

 212 103  88  81  74  85  70  63  79  62  60  61  69  77  73 190
  39 163 225 231 240 236 233 229 223 234 232 232 232 224 226  85
  38 160 232 237 236 236 236 236 236 240 239 239 240 239 230  82
  34 164 232 237 237 237 238 239 239 236 236 235 235 238 229  81
  38 170 233 237 238 238 240 240 240 237 238 238 237 235 227  87
  39 176 234 238 238 238 240 239 239 239 239 239 239 236 234 154
  37 177 234 238 239 239 238 238 238 237 236 237 239 238 238 239
  34 177 235 239 239 240 239 239 239 239 240 239 239 239 239 238
  49 180 236 239 239 240 239 239 239 239 240 239 239 239 239 238
  50 186 237 239 239 239 239 240 239 239 239 238 239 239 239 238
  52 189 236 240 239 239 239 239 239 239 239 239 238 238 238 239
  53 187 232 240 239 240 239 238 238 238 239 239 237 238 238 238
  50 174 230 239 239 239 238 237 234 240 237 238 236 235 240 234
  46 154 226 238 239 236 235 238 241 241 239 238 237 238 238 240
  46 135 208 223 217 208 205 220 224 219 218 223 221 218 217 240
  54  55  50  38  39  58  64  44  46  63  64  47  43  62  83 208
 192  91  68  60  48  50  47  54  56  45  43  43  50  58  50 168
  19 149 203 205 212 209 207 202 196 210 206 205 203 198 204  77
  23 149 208 209 208 208 209 209 209 208 208 207 207 206 203  69
  22 151 208 209 209 209 209 209 208 210 209 209 208 207 203  70
  21 153 207 209 210 209 208 208 208 208 208 209 209 208 203  73
  21 157 208 210 210 210 210 210 210 208 207 208 209 209 205 130
  22 163 209 210 211 210 210 210 209 208 207 208 209 207 208 210
  25 165 208 209 209 210 209 208 208 208 209 208 208 208 208 208
  36 168 208 209 209 210 209 209 209 209 210 208 208 208 208 208
  37 173 208 209 209 209 209 209 208 209 208 207 208 208 208 208
  38 178 207 210 209 209 209 208 209 208 208 208 207 207 207 208
  37 179 207 210 208 209 208 207 207 207 208 208 206 207 207 208
  32 169 208 209 208 209 208 207 207 207 207 208 206 208 209 209
  32 154 209 208 208 208 209 210 209 207 208 209 208 209 208 208
  30 126 189 202 202 196 194 203 203 194 196 204 206 201 197 207
  37  40  37  25  29  46  48  29  31  45  47  33  33  50  68 183
 187  90  64  53  38  41  42  46  49  40  37  36  44  52  37 156
  14 151 192 188 194 192 194 189 182 198 194 193 191 186 189  72
  16 150 194 191 190 190 190 189 189 192 190 189 188 188 192  64
  15 151 194 191 191 191 189 189 189 189 190 189 189 192 189  61
  17 152 193 191 192 191 191 191 191 191 191 191 190 189 188  65
  17 153 193 192 192 192 192 192 192 190 189 190 190 191 191 121
  19 158 194 192 193 192 192 192 191 189 188 189 191 191 191 194
  19 159 193 191 191 192 191 191 191 191 192 191 191 191 191 191
  30 162 193 191 191 192 191 191 191 191 192 191 191 191 191 191
  29 168 193 191 191 191 191 192 191 191 191 190 191 191 191 191
  30 174 193 192 191 191 191 191 191 191 191 191 190 190 190 191
  27 175 194 192 191 192 191 190 190 190 191 191 189 190 190 190
  21 165 196 191 191 192 191 190 189 190 189 191 191 191 189 190
  24 144 194 192 194 193 192 191 189 191 191 192 190 188 189 191
  24 117 179 193 194 188 187 196 196 184 185 194 197 195 189 193
  30  33  29  18  23  41  46  26  25  41  42  27  28  48  65 175

 190  85  82  81  87 154 239 238 238 238 239 238 234 240 240 208
  73 226 230 229 227 234 238 239 239 239 238 238 240 238 217  83
  77 224 239 238 235 236 238 239 239 239 238 238 235 238 218  62
  69 232 240 235 237 239 239 239 239 239 238 237 236 237 221  43
  61 232 239 235 238 239 237 239 239 238 239 239 238 238 223  47
  60 232 239 236 238 239 236 240 240 239 239 239 237 239 218  64
  62 234 240 236 237 239 237 239 239 239 239 238 240 241 219  63
  79 223 236 239 240 239 238 239 239 239 239 238 234 241 224  46
  63 229 236 239 240 239 238 239 239 240 239 238 237 238 220  44
  70 233 236 238 240 240 238 239 239 239 239 239 238 235 205  64
  85 236 236 237 238 238 239 240 240 239 239 240 239 236 208  58
  74 240 236 237 238 238 239 239 239 239 239 239 239 239 217  39
  81 231 237 237 237 238 238 239 239 239 240 240 239 238 223  38
  88 225 232 232 233 234 234 235 236 237 236 232 230 226 208  50
 103 163 160 164 170 176 177 177 180 186 189 187 174 154 135  55
 212  39  38  34  38  39  37  34  49  50  52  53  50  46  46  54
 168  77  69  70  73 130 210 208 208 208 208 208 209 208 207 183
  50 204 203 203 203 205 208 208 208 208 207 207 209 208 197  68
  58 198 206 207 208 209 207 208 208 208 207 207 208 209 201  50
  50 203 207 208 209 209 209 208 208 208 207 206 206 208 206  33
  43 205 207 209 209 208 208 208 208 207 208 208 208 209 204  33
  43 206 208 209 208 207 207 209 210 208 208 208 207 208 196  47
  45 210 208 210 208 208 208 208 209 209 208 207 207 207 194  45
  56 196 209 208 208 210 209 208 209 208 209 207 207 209 203  31
  54 202 209 209 208 210 210 208 209 209 208 207 207 210 203  29
  47 207 209 209 208 210 210 209 209 209 209 208 208 209 194  48
  50 209 208 209 209 210 210 210 210 209 209 209 209 208 196  46
  48 212 208 209 210 210 211 209 209 209 209 208 208 208 202  29
  60 205 209 209 209 210 210 209 209 209 210 210 209 208 202  25
  68 203 208 208 207 208 209 208 208 208 207 207 208 209 189  37
  91 149 149 151 153 157 163 165 168 173 178 179 169 154 126  40
 192  19  23  22  21  21  22  25  36  37  38  37  32  32  30  37
 156  72  64  61  65 121 194 191 191 191 191 190 190 191 193 175
  37 189 192 189 188 191 191 191 191 191 190 190 189 189 189  65
  52 186 188 192 189 191 191 191 191 191 190 190 191 188 195  48
  44 191 188 189 190 190 191 191 191 191 190 189 191 190 197  28
  36 193 189 189 191 190 189 191 191 190 191 191 191 192 194  27
  37 194 190 190 191 189 188 192 192 191 191 191 189 191 185  42
  40 198 192 189 191 190 189 191 191 191 191 190 190 191 184  41
  49 182 189 189 191 192 191 191 191 191 191 190 189 189 196  25
  46 189 189 189 191 192 192 191 191 192 191 190 190 191 196  26
  42 194 190 189 191 192 192 191 191 191 191 191 191 192 187  46
  41 192 190 191 191 192 192 192 192 191 191 192 192 193 188  41
  38 194 190 191 192 192 193 191 191 191 191 191 191 194 194  23
  53 188 191 191 191 192 192 191 191 191 192 192 191 192 193  18
  64 192 194 194 193 193 194 193 193 193 193 194 196 194 179  29
  90 151 150 151 152 153 158 159 162 168 174 175 165 144 117  33
 187  14  16  15  17  17  19  19  30  29  30  27  21  24  24  30

 208  83  62  43  47  64  63  46  44  64  58  39  38  50  55  54
 240 217 218 221 223 218 219 224 220 205 208 217 223 208 135  46
 240 238 238 237 238 239 241 241 238 235 236 239 238 226 154  46
 234 240 235 236 238 237 240 234 237 238 239 239 239 230 174  50
 238 238 238 237 239 239 238 238 238 239 240 239 240 232 187  53
 239 238 238 238 239 239 239 239 239 239 239 239 240 236 189  52
 238 239 239 239 238 239 239 239 240 239 239 239 239 237 186  50
 238 239 239 239 239 240 239 239 239 239 240 239 239 236 180  49
 238 239 239 239 239 240 239 239 239 239 240 239 239 235 177  34
 239 238 238 239 237 236 237 238 238 238 239 239 238 234 177  37
 154 234 236 239 239 239 239 239 239 240 238 238 238 234 176  39
  87 227 235 237 238 238 237 240 240 240 238 238 237 233 170  38
  81 229 238 235 235 236 236 239 239 238 237 237 237 232 164  34
  82 230 239 240 239 239 240 236 236 236 236 236 237 232 160  38
  85 226 224 232 232 232 234 223 229 233 236 240 231 225 163  39
 190  73  77  69  61  60  62  79  63  70  85  74  81  88 103 212
 183  68  50  33  33  47  45  31  29  48  46  29  25  37  40  37
 207 197 201 206 204 196 194 203 203 194 196 202 202 189 126  30
 208 208 209 208 209 208 207 209 210 209 208 208 208 209 154  32
 209 209 208 206 208 207 207 207 207 208 209 208 209 208 169  32
 208 207 207 206 208 208 207 207 207 208 209 208 210 207 179  37
 208 207 207 207 208 208 208 209 208 209 209 209 210 207 178  38
 208 208 208 208 207 208 209 208 209 209 209 209 209 208 173  37
 208 208 208 208 208 210 209 209 209 209 210 209 209 208 168  36
 208 208 208 208 208 209 208 208 208 209 210 209 209 208 165  25
 210 208 207 209 208 207 208 209 210 210 210 211 210 209 163  22
 130 205 209 209 208 207 208 210 210 210 210 210 210 208 157  21
  73 203 208 209 209 208 208 208 208 208 209 210 209 207 153  21
  70 203 207 208 209 209 210 208 209 209 209 209 209 208 151  22
  69 203 206 207 207 208 208 209 209 209 208 208 209 208 149  23
  77 204 198 203 205 206 210 196 202 207 209 212 205 203 149  19
 168  50  58  50  43  43  45  56  54  47  50  48  60  68  91 192
 175  65  48  28  27  42  41  25  26  46  41  23  18  29  33  30
 193 189 195 197 194 185 184 196 196 187 188 194 193 179 117  24
 191 189 188 190 192 191 191 189 191 192 193 194 192 194 144  24
 190 189 191 191 191 189 190 189 190 191 192 191 191 196 165  21
 190 190 190 189 191 191 190 190 190 191 192 191 192 194 175  27
 191 190 190 190 191 191 191 191 191 191 191 191 192 193 174  30
 191 191 191 191 190 191 191 191 192 191 191 191 191 193 168  29
 191 191 191 191 191 192 191 191 191 191 192 191 191 193 162  30
 191 191 191 191 191 192 191 191 191 191 192 191 191 193 159  19
 194 191 191 191 189 188 189 191 192 192 192 193 192 194 158  19
 121 191 191 190 190 189 190 192 192 192 192 192 192 193 153  17
  65 188 189 190 191 191 191 191 191 191 191 192 191 193 152  17
  61 189 192 189 189 190 189 189 189 189 191 191 191 194 151  15
  64 192 188 188 189 190 192 189 189 190 190 190 191 194 150  16
  72 189 186 191 193 194 198 182 189 194 192 194 188 192 151  14
 156  37  52  44  36  37  40  49  46  42  41  38  53  64  90 187

