  44 208 239 243 243 244 243 241 241 241 240 240 241 241 237 126
  37 201 241 242 242 243 243 242 241 241 240 241 241 240 236 118
  41 189 241 242 242 243 243 244 242 242 241 242 243 241 242 112
  39 197 239 243 242 242 244 243 243 243 241 240 240 241 241 125
  49 183 234 244 241 243 244 243 242 241 241 241 241 240 241 121
  42 205 238 240 241 243 245 245 242 240 240 240 242 241 240 120
  46 184 239 240 241 243 244 243 242 241 240 241 242 242 240 135
  35 184 237 241 242 242 244 244 244 242 242 244 242 244 238 130
  44 189 236 241 242 241 241 242 242 242 240 242 240 244 238 120
  49 170 236 238 240 238 238 240 240 239 239 241 239 242 238 128
  48 174 228 223 208 212 217 224 228 225 229 233 227 231 214 151
  61  51  50  53  58  67  73  70  41  44  43  49  44  50  47 165
  70  67  65  75  76  83  83  80  83  72  65  68  64  66  53 153
  69  65  63  74  74  86  84  76  79  71  61  61  65  65  50 156
  72  64  57  66  67  79  87  83  87  78  58  59  64  63  51 163
 130 118 128 144 138 133 131 125 118 128  92  49  65  60  49 146
  23 184 211 213 212 213 212 211 211 211 210 210 211 211 209  92
  28 179 211 212 212 212 212 212 211 211 210 211 211 210 208  90
  30 174 212 211 212 212 212 213 212 212 211 212 212 211 211  88
  25 183 211 211 212 212 213 212 212 213 211 210 209 210 211  97
  35 172 210 210 211 212 213 212 212 212 211 209 208 209 212  94
  23 183 210 210 211 213 214 214 212 211 211 209 209 210 211  93
  31 164 210 212 211 212 213 213 212 212 211 210 210 211 211 109
  25 169 210 209 209 210 212 212 211 212 213 210 212 211 212 108
  29 177 209 209 211 211 211 212 212 212 213 211 211 212 210  99
  31 154 209 211 210 209 209 211 211 210 213 211 211 210 211 109
  28 159 208 204 187 191 195 200 206 208 207 205 204 205 194 127
  41  33  35  40  49  66  70  62  34  37  36  35  33  37  36 150
  50  46  45  55  56  62  65  60  58  46  42  44  45  45  36 137
  49  45  43  54  55  58  63  62  59  45  39  42  44  44  34 137
  50  44  36  44  43  50  58  62  61  48  39  42  46  45  36 148
 107  95 105 117 107 105 102 100  94 107  84  33  48  43  33 134
  16 176 193 195 194 196 195 193 193 193 192 192 193 193 192  79
  24 171 194 194 194 194 194 194 193 193 192 193 193 192 193  84
  25 169 194 193 194 194 194 195 194 194 193 194 195 193 194  82
  19 179 193 193 194 194 195 195 194 195 193 192 192 193 193  89
  31 162 193 194 193 194 196 195 194 194 193 192 191 192 194  86
  18 174 193 192 193 195 197 196 194 193 193 192 192 192 193  83
  23 156 192 194 193 194 196 195 194 194 193 192 192 193 194  98
  18 163 192 193 192 193 194 194 194 193 192 193 192 191 197  97
  20 173 192 193 193 193 193 194 194 194 192 193 192 192 194  90
  22 151 194 193 193 191 191 193 193 192 193 194 193 192 195  99
  21 158 201 197 178 178 185 190 193 194 193 192 191 195 184 119
  33  28  32  38  45  60  66  60  32  35  36  35  33  35  32 146
  37  38  37  46  44  47  50  47  48  37  32  33  36  39  31 133
  40  37  36  45  44  50  52  48  47  36  30  32  34  36  26 135
  43  36  27  35  32  39  44  45  46  39  30  34  35  37  25 145
  91  79  89 102  93 100  99  94  89 106  82  29  35  34  24 128

 126 118 112 125 121 120 135 130 120 128 151 165 153 156 163 146
 237 236 242 241 241 240 240 238 238 238 214  47  53  50  51  49
 241 240 241 241 240 241 242 244 244 242 231  50  66  65  63  60
 241 241 243 240 241 242 242 242 240 239 227  44  64  65  64  65
 240 241 242 240 241 240 241 244 242 241 233  49  68  61  59  49
 240 240 241 241 241 240 240 242 240 239 229  43  65  61  58  92
 241 241 242 243 241 240 241 242 242 239 225  44  72  71  78 128
 241 241 242 243 242 242 242 244 242 240 228  41  83  79  87 118
 241 242 244 243 243 245 243 244 242 240 224  70  80  76  83 125
 243 243 243 244 244 245 244 244 241 238 217  73  83  84  87 131
 244 243 243 242 243 243 243 242 241 238 212  67  83  86  79 133
 243 242 242 242 241 241 241 242 242 240 208  58  76  74  67 138
 243 242 242 243 244 240 240 241 241 238 223  53  75  74  66 144
 239 241 241 239 234 238 239 237 236 236 228  50  65  63  57 128
 208 201 189 197 183 205 184 184 189 170 174  51  67  65  64 118
  44  37  41  39  49  42  46  35  44  49  48  61  70  69  72 130
  92  90  88  97  94  93 109 108  99 109 127 150 137 137 148 134
 209 208 211 211 212 211 211 212 210 211 194  36  36  34  36  33
 211 210 211 210 209 210 211 211 212 210 205  37  45  44  45  43
 211 211 212 209 208 209 210 212 211 211 204  33  45  44  46  48
 210 211 212 210 209 209 210 210 211 211 205  35  44  42  42  33
 210 210 211 211 211 211 211 213 213 213 207  36  42  39  39  84
 211 211 212 213 212 211 212 212 212 210 208  37  46  45  48 107
 211 211 212 212 212 212 212 211 212 211 206  34  58  59  61  94
 211 212 213 212 212 214 213 212 212 211 200  62  60  62  62 100
 212 212 212 213 213 214 213 212 211 209 195  70  65  63  58 102
 213 212 212 212 212 213 212 210 211 209 191  66  62  58  50 105
 212 212 212 212 211 211 211 209 211 210 187  49  56  55  43 107
 213 212 211 211 210 210 212 209 209 211 204  40  55  54  44 117
 211 211 212 211 210 210 210 210 209 209 208  35  45  43  36 105
 184 179 174 183 172 183 164 169 177 154 159  33  46  45  44  95
  23  28  30  25  35  23  31  25  29  31  28  41  50  49  50 107
  79  84  82  89  86  83  98  97  90  99 119 146 133 135 145 128
 192 193 194 193 194 193 194 197 194 195 184  32  31  26  25  24
 193 192 193 193 192 192 193 191 192 192 195  35  39  36  37  34
 193 193 195 192 191 192 192 192 192 193 191  33  36  34  35  35
 192 193 194 192 192 192 192 193 193 194 192  35  33  32  34  29
 192 192 193 193 193 193 193 192 192 193 193  36  32  30  30  82
 193 193 194 195 194 193 194 193 194 192 194  35  37  36  39 106
 193 193 194 194 194 194 194 194 194 193 193  32  48  47  46  89
 193 194 195 195 195 196 195 194 194 193 190  60  47  48  45  94
 195 194 194 195 196 197 196 194 193 191 185  66  50  52  44  99
 196 194 194 194 194 195 194 193 193 191 178  60  47  50  39 100
 194 194 194 194 193 193 193 192 193 193 178  45  44  44  32  93
 195 194 193 193 194 192 194 193 193 193 197  38  46  45  35 102
 193 194 194 193 193 193 192 192 192 194 201  32  37  36  27  89
 176 171 169 179 162 174 156 163 173 151 158  28  38  37  36  79
  16  24  25  19  31  18  23  18  20  22  21  33  37  40  43  91

 146  49  60  65  49  92 128 118 125 131 133 138 144 128 118 130
 163  51  63  64  59  58  78  87  83  87  79  67  66  57  64  72
 156  50  65  65  61  61  71  79  76  84  86  74  74  63  65  69
 153  53  66  64  68  65  72  83  80  83  83  76  75  65  67  70
 165  47  50  44  49  43  44  41  70  73  67  58  53  50  51  61
 151 214 231 227 233 229 225 228 224 217 212 208 223 228 174  48
 128 238 242 239 241 239 239 240 240 238 238 240 238 236 170  49
 120 238 244 240 242 240 242 242 242 241 241 242 241 236 189  44
 130 238 244 242 244 242 242 244 244 244 242 242 241 237 184  35
 135 240 242 242 241 240 241 242 243 244 243 241 240 239 184  46
 120 240 241 242 240 240 240 242 245 245 243 241 240 238 205  42
 121 241 240 241 241 241 241 242 243 244 243 241 244 234 183  49
 125 241 241 240 240 241 243 243 243 244 242 242 243 239 197  39
 112 242 241 243 242 241 242 242 244 243 243 242 242 241 189  41
 118 236 240 241 241 240 241 241 242 243 243 242 242 241 201  37
 126 237 241 241 240 240 241 241 241 243 244 243 243 239 208  44
 134  33  43  48  33  84 107  94 100 102 105 107 117 105  95 107
 148  36  45  46  42  39  48  61  62  58  50  43  44  36  44  50
 137  34  44  44  42  39  45  59  62  63  58  55  54  43  45  49
 137  36  45  45  44  42  46  58  60  65  62  56  55  45  46  50
 150  36  37  33  35  36  37  34  62  70  66  49  40  35  33  41
 127 194 205 204 205 207 208 206 200 195 191 187 204 208 159  28
 109 211 210 211 211 213 210 211 211 209 209 210 211 209 154  31
  99 210 212 211 211 213 212 212 212 211 211 211 209 209 177  29
 108 212 211 212 210 213 212 211 212 212 210 209 209 210 169  25
 109 211 211 210 210 211 212 212 213 213 212 211 212 210 164  31
  93 211 210 209 209 211 211 212 214 214 213 211 210 210 183  23
  94 212 209 208 209 211 212 212 212 213 212 211 210 210 172  35
  97 211 210 209 210 211 213 212 212 213 212 212 211 211 183  25
  88 211 211 212 212 211 212 212 213 212 212 212 211 212 174  30
  90 208 210 211 211 210 211 211 212 212 212 212 212 211 179  28
  92 209 211 211 210 210 211 211 211 212 213 212 213 211 184  23
 128  24  34  35  29  82 106  89  94  99 100  93 102  89  79  91
 145  25  37  35  34  30  39  46  45  44  39  32  35  27  36  43
 135  26  36  34  32  30  36  47  48  52  50  44  45  36  37  40
 133  31  39  36  33  32  37  48  47  50  47  44  46  37  38  37
 146  32  35  33  35  36  35  32  60  66  60  45  38  32  28  33
 119 184 195 191 192 193 194 193 190 185 178 178 197 201 158  21
  99 195 192 193 194 193 192 193 193 191 191 193 193 194 151  22
  90 194 192 192 193 192 194 194 194 193 193 193 193 192 173  20
  97 197 191 192 193 192 193 194 194 194 193 192 193 192 163  18
  98 194 193 192 192 193 194 194 195 196 194 193 194 192 156  23
  83 193 192 192 192 193 193 194 196 197 195 193 192 193 174  18
  86 194 192 191 192 193 194 194 195 196 194 193 194 193 162  31
  89 193 193 192 192 193 195 194 195 195 194 194 193 193 179  19
  82 194 193 195 194 193 194 194 195 194 194 194 193 194 169  25
  84 193 192 193 193 192 193 193 194 194 194 194 194 194 171  24
  79 192 193 193 192 192 193 193 193 195 196 194 195 193 176  16

 130  72  69  70  61  48  49  44  35  46  42  49  39  41  37  44
 118  64  65  67  51 174 170 189 184 184 205 183 197 189 201 208
 128  57  63  65  50 228 236 236 237 239 238 234 239 241 241 239
 144  66  74  75  53 223 238 241 241 240 240 244 243 242 242 243
 138  67  74  76  58 208 240 242 242 241 241 241 242 242 242 243
 133  79  86  83  67 212 238 241 242 243 243 243 242 243 243 244
 131  87  84  83  73 217 238 241 244 244 245 244 244 243 243 243
 125  83  76  80  70 224 240 242 244 243 245 243 243 244 242 241
 118  87  79  83  41 228 240 242 244 242 242 242 243 242 241 241
 128  78  71  72  44 225 239 242 242 241 240 241 243 242 241 241
  92  58  61  65  43 229 239 240 242 240 240 241 241 241 240 240
  49  59  61  68  49 233 241 242 244 241 240 241 240 242 241 240
  65  64  65  64  44 227 239 240 242 242 242 241 240 243 241 241
  60  63  65  66  50 231 242 244 244 242 241 240 241 241 240 241
  49  51  50  53  47 214 238 238 238 240 240 241 241 242 236 237
 146 163 156 153 165 151 128 120 130 135 120 121 125 112 118 126
 107  50  49  50  41  28  31  29  25  31  23  35  25  30  28  23
  95  44  45  46  33 159 154 177 169 164 183 172 183 174 179 184
 105  36  43  45  35 208 209 209 210 210 210 210 211 212 211 211
 117  44  54  55  40 204 211 209 209 212 210 210 211 211 212 213
 107  43  55  56  49 187 210 211 209 211 211 211 212 212 212 212
 105  50  58  62  66 191 209 211 210 212 213 212 212 212 212 213
 102  58  63  65  70 195 209 211 212 213 214 213 213 212 212 212
 100  62  62  60  62 200 211 212 212 213 214 212 212 213 212 211
  94  61  59  58  34 206 211 212 211 212 212 212 212 212 211 211
 107  48  45  46  37 208 210 212 212 212 211 212 213 212 211 211
  84  39  39  42  36 207 213 213 213 211 211 211 211 211 210 210
  33  42  42  44  35 205 211 211 210 210 209 209 210 212 211 210
  48  46  44  45  33 204 211 211 212 210 209 208 209 212 211 211
  43  45  44  45  37 205 210 212 211 211 210 209 210 211 210 211
  33  36  34  36  36 194 211 210 212 211 211 212 211 211 208 209
 134 148 137 137 150 127 109  99 108 109  93  94  97  88  90  92
  91  43  40  37  33  21  22  20  18  23  18  31  19  25  24  16
  79  36  37  38  28 158 151 173 163 156 174 162 179 169 171 176
  89  27  36  37  32 201 194 192 192 192 193 193 193 194 194 193
 102  35  45  46  38 197 193 193 193 194 192 194 193 193 194 195
  93  32  44  44  45 178 193 193 192 193 193 193 194 194 194 194
 100  39  50  47  60 178 191 193 193 194 195 194 194 194 194 196
  99  44  52  50  66 185 191 193 194 196 197 196 195 194 194 195
  94  45  48  47  60 190 193 194 194 195 196 195 195 195 194 193
  89  46  47  48  32 193 193 194 194 194 194 194 194 194 193 193
 106  39  36  37  35 194 192 194 193 194 193 194 195 194 193 193
  82  30  30  32  36 193 193 192 192 193 193 193 193 193 192 192
  29  34  32  33  35 192 194 193 193 192 192 192 192 194 193 192
  35  35  34  36  33 191 193 192 192 192 192 191 192 195 193 193
  34  37  36  39  35 195 192 192 191 193 192 192 193 193 192 193
  24  25  26  31  32 184 195 194 197 194 193 194 193 194 193 192
 128 145 135 133 146 119  99  90  97  98  83  86  89  82  84  79

