  45 202 243 242 238 243 242 242 241 239 239 241 240 243 227  78
  40 219 240 239 238 244 243 241 241 240 238 240 241 239 240  78
  54 203 239 241 241 243 243 241 240 240 238 238 241 241 237  76
  38 215 237 242 241 243 243 242 239 238 237 239 241 240 229  67
  46 196 237 242 236 240 241 236 237 237 237 238 241 240 232  65
  50 196 218 229 229 228 219 225 232 229 236 240 241 241 229  79
 217 128  69  64  32  43  56  73  51  45 164 241 241 241 238  73
 234 115  86  61  62  65  67  64  63  49 145 236 244 239 236  97
 235 123  78  59  56  59  65  65  69  52 150 233 240 239 236  90
 237 115  76  57  55  56  65  63  65  57 162 229 237 241 233  70
 237 114  74  56  53  57  62  64  59  48 144 236 238 241 232  82
 241 104  78  64  56  56  59  67  64  44 137 234 242 240 239  80
 240 123  81  61  54  58  63  61  66  53 139 230 239 239 233  95
 238 119  82  54  49  57  62  61  68  58 123 235 239 237 233  95
 235 116  82  53  49  55  62  63  65  54 152 232 234 235 224  90
 108  84  78  52  49  53  63  68  66  57  53  84  92  74  96 191
  34 191 207 209 209 210 209 209 209 208 208 208 209 207 199  58
  24 198 210 209 209 211 209 209 209 207 207 210 208 208 209  48
  37 181 209 209 208 210 209 208 208 208 207 208 207 208 206  52
  25 198 208 208 207 209 209 208 208 207 206 207 208 207 203  49
  32 185 204 206 208 209 207 207 208 207 207 209 207 208 208  48
  33 178 189 200 201 205 191 195 201 202 208 208 207 208 205  62
 200  89  50  53  27  37  39  54  32  27 138 205 209 209 211  50
 207  82  51  40  35  41  44  42  42  33 134 205 211 208 210  59
 206  83  51  42  36  39  43  44  44  31 138 207 208 207 210  58
 208  76  51  38  35  36  41  45  45  34 132 205 208 207 209  47
 207  83  48  36  35  37  40  45  45  33 126 205 205 209 205  66
 210  73  48  39  35  37  41  48  45  30 126 206 206 208 208  57
 210  89  51  38  34  38  43  46  47  35 130 206 208 208 206  57
 208  83  53  39  35  37  43  47  48  33 110 207 207 207 207  52
 210  79  49  38  35  38  43  45  44  31 125 203 205 203 207  61
  88  50  51  39  35  40  42  45  45  37  38  73  83  62  80 166
  28 180 191 189 190 188 189 189 190 191 191 191 188 190 188  51
  19 186 189 190 190 189 189 189 189 190 190 190 191 191 190  37
  32 171 189 189 189 188 188 188 188 191 190 189 190 190 189  41
  19 189 188 188 189 188 188 188 187 188 188 190 190 189 190  42
  27 177 188 188 186 188 190 189 187 186 187 188 189 188 194  40
  32 173 179 188 189 196 179 181 188 191 191 188 189 188 189  52
 192  84  43  47  24  33  37  49  26  26 134 190 189 187 191  39
 192  68  43  32  30  34  37  36  34  27 128 191 185 190 190  45
 189  65  41  25  29  32  34  38  35  22 130 194 184 189 194  47
 189  61  39  26  26  27  32  36  34  24 127 192 187 185 196  44
 187  73  36  25  25  27  31  34  32  22 120 190 187 186 188  56
 191  65  38  28  26  30  33  36  33  25 121 189 189 188 191  55
 191  74  37  26  28  31  33  33  35  28 126 190 189 189 187  43
 191  62  37  28  28  30  32  34  36  26 108 193 188 188 189  43
 190  68  42  31  26  28  33  33  35  25 121 193 190 190 189  59
  86  43  39  31  26  26  33  33  32  32  37  72  80  58  71 157

  78  78  76  67  65  79  73  97  90  70  82  80  95  95  90 191
 227 240 237 229 232 229 238 236 236 233 232 239 233 233 224  96
 243 239 241 240 240 241 241 239 239 241 241 240 239 237 235  74
 240 241 241 241 241 241 241 244 240 237 238 242 239 239 234  92
 241 240 238 239 238 240 241 236 233 229 236 234 230 235 232  84
 239 238 238 237 237 236 164 145 150 162 144 137 139 123 152  53
 239 240 240 238 237 229  45  49  52  57  48  44  53  58  54  57
 241 241 240 239 237 232  51  63  69  65  59  64  66  68  65  66
 242 241 241 242 236 225  73  64  65  63  64  67  61  61  63  68
 242 243 243 243 241 219  56  67  65  65  62  59  63  62  62  63
 243 244 243 243 240 228  43  65  59  56  57  56  58  57  55  53
 238 238 241 241 236 229  32  62  56  55  53  56  54  49  49  49
 242 239 241 242 242 229  64  61  59  57  56  64  61  54  53  52
 243 240 239 237 237 218  69  86  78  76  74  78  81  82  82  78
 202 219 203 215 196 196 128 115 123 115 114 104 123 119 116  84
  45  40  54  38  46  50 217 234 235 237 237 241 240 238 235 108
  58  48  52  49  48  62  50  59  58  47  66  57  57  52  61 166
 199 209 206 203 208 205 211 210 210 209 205 208 206 207 207  80
 207 208 208 207 208 208 209 208 207 207 209 208 208 207 203  62
 209 208 207 208 207 207 209 211 208 208 205 206 208 207 205  83
 208 210 208 207 209 208 205 205 207 205 205 206 206 207 203  73
 208 207 207 206 207 208 138 134 138 132 126 126 130 110 125  38
 208 207 208 207 207 202  27  33  31  34  33  30  35  33  31  37
 209 209 208 208 208 201  32  42  44  45  45  45  47  48  44  45
 209 209 208 208 207 195  54  42  44  45  45  48  46  47  45  45
 209 209 209 209 207 191  39  44  43  41  40  41  43  43  43  42
 210 211 210 209 209 205  37  41  39  36  37  37  38  37  38  40
 209 209 208 207 208 201  27  35  36  35  35  35  34  35  35  35
 209 209 209 208 206 200  53  40  42  38  36  39  38  39  38  39
 207 210 209 208 204 189  50  51  51  51  48  48  51  53  49  51
 191 198 181 198 185 178  89  82  83  76  83  73  89  83  79  50
  34  24  37  25  32  33 200 207 206 208 207 210 210 208 210  88
  51  37  41  42  40  52  39  45  47  44  56  55  43  43  59 157
 188 190 189 190 194 189 191 190 194 196 188 191 187 189 189  71
 190 191 190 189 188 188 187 190 189 185 186 188 189 188 190  58
 188 191 190 190 189 189 189 185 184 187 187 189 189 188 190  80
 191 190 189 190 188 188 190 191 194 192 190 189 190 193 193  72
 191 190 190 188 187 191 134 128 130 127 120 121 126 108 121  37
 191 190 191 188 186 191  26  27  22  24  22  25  28  26  25  32
 190 189 188 187 187 188  26  34  35  34  32  33  35  36  35  32
 189 189 188 188 189 181  49  36  38  36  34  36  33  34  33  33
 189 189 188 188 190 179  37  37  34  32  31  33  33  32  33  33
 188 189 188 188 188 196  33  34  32  27  27  30  31  30  28  26
 190 190 189 189 186 189  24  30  29  26  25  26  28  28  26  26
 189 190 189 188 188 188  47  32  25  26  25  28  26  28  31  31
 191 189 189 188 188 179  43  43  41  39  36  38  37  37  42  39
 180 186 171 189 177 173  84  68  65  61  73  65  74  62  68  43
  28  19  32  19  27  32 192 192 189 189 187 191 191 191 190  86

 191  96  74  92  84  53  57  66  68  63  53  49  52  78  84 108
  90 224 235 234 232 152  54  65  63  62  55  49  53  82 116 235
  95 233 237 239 235 123  58  68  61  62  57  49  54  82 119 238
  95 233 239 239 230 139  53  66  61  63  58  54  61  81 123 240
  80 239 240 242 234 137  44  64  67  59  56  56  64  78 104 241
  82 232 241 238 236 144  48  59  64  62  57  53  56  74 114 237
  70 233 241 237 229 162  57  65  63  65  56  55  57  76 115 237
  90 236 239 240 233 150  52  69  65  65  59  56  59  78 123 235
  97 236 239 244 236 145  49  63  64  67  65  62  61  86 115 234
  73 238 241 241 241 164  45  51  73  56  43  32  64  69 128 217
  79 229 241 241 240 236 229 232 225 219 228 229 229 218 196  50
  65 232 240 241 238 237 237 237 236 241 240 236 242 237 196  46
  67 229 240 241 239 237 238 239 242 243 243 241 242 237 215  38
  76 237 241 241 238 238 240 240 241 243 243 241 241 239 203  54
  78 240 239 241 240 238 240 241 241 243 244 238 239 240 219  40
  78 227 243 240 241 239 239 241 242 242 243 238 242 243 202  45
 166  80  62  83  73  38  37  45  45  42  40  35  39  51  50  88
  61 207 203 205 203 125  31  44  45  43  38  35  38  49  79 210
  52 207 207 207 207 110  33  48  47  43  37  35  39  53  83 208
  57 206 208 208 206 130  35  47  46  43  38  34  38  51  89 210
  57 208 208 206 206 126  30  45  48  41  37  35  39  48  73 210
  66 205 209 205 205 126  33  45  45  40  37  35  36  48  83 207
  47 209 207 208 205 132  34  45  45  41  36  35  38  51  76 208
  58 210 207 208 207 138  31  44  44  43  39  36  42  51  83 206
  59 210 208 211 205 134  33  42  42  44  41  35  40  51  82 207
  50 211 209 209 205 138  27  32  54  39  37  27  53  50  89 200
  62 205 208 207 208 208 202 201 195 191 205 201 200 189 178  33
  48 208 208 207 209 207 207 208 207 207 209 208 206 204 185  32
  49 203 207 208 207 206 207 208 208 209 209 207 208 208 198  25
  52 206 208 207 208 207 208 208 208 209 210 208 209 209 181  37
  48 209 208 208 210 207 207 209 209 209 211 209 209 210 198  24
  58 199 207 209 208 208 208 209 209 209 210 209 209 207 191  34
 157  71  58  80  72  37  32  32  33  33  26  26  31  39  43  86
  59 189 190 190 193 121  25  35  33  33  28  26  31  42  68 190
  43 189 188 188 193 108  26  36  34  32  30  28  28  37  62 191
  43 187 189 189 190 126  28  35  33  33  31  28  26  37  74 191
  55 191 188 189 189 121  25  33  36  33  30  26  28  38  65 191
  56 188 186 187 190 120  22  32  34  31  27  25  25  36  73 187
  44 196 185 187 192 127  24  34  36  32  27  26  26  39  61 189
  47 194 189 184 194 130  22  35  38  34  32  29  25  41  65 189
  45 190 190 185 191 128  27  34  36  37  34  30  32  43  68 192
  39 191 187 189 190 134  26  26  49  37  33  24  47  43  84 192
  52 189 188 189 188 191 191 188 181 179 196 189 188 179 173  32
  40 194 188 189 188 187 186 187 189 190 188 186 188 188 177  27
  42 190 189 190 190 188 188 187 188 188 188 189 188 188 189  19
  41 189 190 190 189 190 191 188 188 188 188 189 189 189 171  32
  37 190 191 191 190 190 190 189 189 189 189 190 190 189 186  19
  51 188 190 188 191 191 191 190 189 189 188 190 189 191 180  28

 108 235 238 240 241 237 237 235 234 217  50  46  38  54  40  45
  84 116 119 123 104 114 115 123 115 128 196 196 215 203 219 202
  78  82  82  81  78  74  76  78  86  69 218 237 237 239 240 243
  52  53  54  61  64  56  57  59  61  64 229 242 242 241 239 242
  49  49  49  54  56  53  55  56  62  32 229 236 241 241 238 238
  53  55  57  58  56  57  56  59  65  43 228 240 243 243 244 243
  63  62  62  63  59  62  65  65  67  56 219 241 243 243 243 242
  68  63  61  61  67  64  63  65  64  73 225 236 242 241 241 242
  66  65  68  66  64  59  65  69  63  51 232 237 239 240 241 241
  57  54  58  53  44  48  57  52  49  45 229 237 238 240 240 239
  53 152 123 139 137 144 162 150 145 164 236 237 237 238 238 239
  84 232 235 230 234 236 229 233 236 241 240 238 239 238 240 241
  92 234 239 239 242 238 237 240 244 241 241 241 241 241 241 240
  74 235 237 239 240 241 241 239 239 241 241 240 240 241 239 243
  96 224 233 233 239 232 233 236 236 238 229 232 229 237 240 227
 191  90  95  95  80  82  70  90  97  73  79  65  67  76  78  78
  88 210 208 210 210 207 208 206 207 200  33  32  25  37  24  34
  50  79  83  89  73  83  76  83  82  89 178 185 198 181 198 191
  51  49  53  51  48  48  51  51  51  50 189 204 208 209 210 207
  39  38  39  38  39  36  38  42  40  53 200 206 208 209 209 209
  35  35  35  34  35  35  35  36  35  27 201 208 207 208 209 209
  40  38  37  38  37  37  36  39  41  37 205 209 209 210 211 210
  42  43  43  43  41  40  41  43  44  39 191 207 209 209 209 209
  45  45  47  46  48  45  45  44  42  54 195 207 208 208 209 209
  45  44  48  47  45  45  45  44  42  32 201 208 208 208 209 209
  37  31  33  35  30  33  34  31  33  27 202 207 207 208 207 208
  38 125 110 130 126 126 132 138 134 138 208 207 206 207 207 208
  73 203 207 206 206 205 205 207 205 205 208 209 207 208 210 208
  83 205 207 208 206 205 208 208 211 209 207 207 208 207 208 209
  62 203 207 208 208 209 207 207 208 209 208 208 207 208 208 207
  80 207 207 206 208 205 209 210 210 211 205 208 203 206 209 199
 166  61  52  57  57  66  47  58  59  50  62  48  49  52  48  58
  86 190 191 191 191 187 189 189 192 192  32  27  19  32  19  28
  43  68  62  74  65  73  61  65  68  84 173 177 189 171 186 180
  39  42  37  37  38  36  39  41  43  43 179 188 188 189 189 191
  31  31  28  26  28  25  26  25  32  47 188 188 188 189 190 189
  26  26  28  28  26  25  26  29  30  24 189 186 189 189 190 190
  26  28  30  31  30  27  27  32  34  33 196 188 188 188 189 188
  33  33  32  33  33  31  32  34  37  37 179 190 188 188 189 189
  33  33  34  33  36  34  36  38  36  49 181 189 188 188 189 189
  32  35  36  35  33  32  34  35  34  26 188 187 187 188 189 190
  32  25  26  28  25  22  24  22  27  26 191 186 188 191 190 191
  37 121 108 126 121 120 127 130 128 134 191 187 188 190 190 191
  72 193 193 190 189 190 192 194 191 190 188 188 190 189 190 191
  80 190 188 189 189 187 187 184 185 189 189 189 190 190 191 188
  58 190 188 189 188 186 185 189 190 187 188 188 189 190 191 190
  71 189 189 187 191 188 196 194 190 191 189 194 190 189 190 188
 157  59  43  43  55  56  44  47  45  39  52  40  42  41  37  51

