 210 211 210 208 212 210 211 215 215 210 160  33  52  50  49 164
  62  59  61  59  57  52  53  54  56  58  45  35  49  51  49 161
  60  57  60  59  61  66  62  58  59  57  44  41  42  51  48 155
  51  49  51  56  59  62  58  49  54  56  49  46  45  50  46 156
  56  57  56  58  57  59  59  57  57  56  55  54  47  46  45 145
  54  57  57  59  59  60  64  60  54  51  56  55  46  49  48 144
  55  57  60  59  61  62  63  57  54  53  55  54  47  51  47 154
  57  56  60  61  63  64  62  56  57  56  54  53  48  48  46 153
  60  57  57  57  60  58  51  55  58  55  54  53  49  50  48 149
  59  42  39  40  43  45  46  53  52  55  53  51  48  50  43 142
  51  88 154 152 150 151 149 140 140 137 136 132 125 129 135 131
  49 128 216 223 220 219 221 219 219 219 222 222 222 220 216 103
  47 136 215 222 222 224 225 220 220 222 223 224 224 223 215  99
  49 166 216 222 220 220 222 219 219 222 223 224 224 220 215 102
  54 152 195 214 212 211 210 210 211 213 215 217 218 210 210 102
  52  45  51  51  49  49  49  48  47  49  49  51  52  50  50 135
 187 187 187 186 189 188 187 189 190 188 147  21  33  33  30 145
  57  56  59  56  54  49  49  47  47  49  38  25  32  31  32 141
  39  38  40  39  38  42  40  39  40  37  34  33  31  33  29 135
  38  36  36  38  40  42  40  40  38  36  34  34  31  31  26 133
  37  37  36  38  37  39  40  39  40  38  35  35  33  31  26 124
  35  37  37  39  39  40  44  42  37  33  36  36  32  34  28 123
  35  37  40  39  41  42  44  39  37  34  35  35  33  36  27 132
  37  36  42  40  40  42  43  39  39  37  34  34  34  35  25 129
  40  38  40  39  40  41  37  39  40  36  34  35  34  32  25 128
  42  24  21  20  22  23  24  31  28  28  27  27  27  26  22 124
  31  65 131 133 136 136 134 134 130 128 126 124 120 118 121 109
  26 105 190 190 191 192 191 192 192 191 192 192 192 195 192  84
  28 117 192 192 191 191 191 192 191 191 192 191 191 192 189  84
  30 146 191 191 190 190 190 191 191 192 192 192 191 191 192  87
  28 129 173 192 194 193 192 194 193 192 193 193 193 193 193  88
  34  30  40  42  41  40  41  41  40  40  40  41  42  41  39 125
 176 176 177 175 178 177 177 179 179 178 137  16  25  24  22 134
  53  52  55  52  50  45  47  48  48  48  34  19  25  24  23 129
  27  25  28  26  26  30  28  27  27  26  24  24  23  25  21 123
  29  26  27  30  31  34  32  30  30  29  27  29  28  25  17 122
  28  28  28  30  29  31  31  28  29  27  27  26  24  24  16 118
  27  29  29  30  31  32  35  31  26  22  28  27  23  27  19 117
  28  29  32  31  32  33  35  28  26  23  26  27  24  28  19 126
  26  27  33  31  31  31  31  29  30  27  25  25  25  26  18 124
  30  30  33  31  33  31  24  28  29  26  24  25  23  23  22 122
  28  13  15  16  16  16  16  23  21  22  20  20  20  22  20 118
  23  61 129 132 136 136 135 135 132 129 128 125 121 114 114 104
  19 103 177 174 177 174 175 175 175 175 176 176 176 178 175  81
  18 111 176 173 175 173 173 173 172 173 173 173 173 174 172  79
  19 141 176 173 174 172 172 172 172 173 173 173 173 173 173  81
  20 123 162 180 183 180 179 181 180 179 179 179 179 185 182  85
  29  26  37  39  38  39  40  40  38  38  38  38  38  42  37 124

 164 161 155 156 145 144 154 153 149 142 131 103  99 102 102 135
  49  49  48  46  45  48  47  46  48  43 135 216 215 215 210  50
  50  51  51  50  46  49  51  48  50  50 129 220 223 220 210  50
  52  49  42  45  47  46  47  48  49  48 125 222 224 224 218  52
  33  35  41  46  54  55  54  53  53  51 132 222 224 224 217  51
 160  45  44  49  55  56  55  54  54  53 136 222 223 223 215  49
 210  58  57  56  56  51  53  56  55  55 137 219 222 222 213  49
 215  56  59  54  57  54  54  57  58  52 140 219 220 219 211  47
 215  54  58  50  57  60  57  56  55  53 140 219 220 219 210  48
 211  53  62  58  59  64  63  62  51  46 149 221 225 222 210  49
 210  52  66  62  59  60  62  64  58  45 151 219 224 220 211  49
 212  57  61  59  57  59  61  63  60  43 150 220 222 220 212  49
 208  59  59  56  58  59  59  61  57  40 152 223 222 222 214  51
 210  61  60  51  56  57  60  60  57  39 154 216 215 216 195  51
 211  59  57  49  57  57  57  56  57  42  88 128 136 166 152  45
 210  62  60  51  56  54  55  57  60  59  51  49  47  49  54  52
 145 141 135 133 124 123 132 129 128 124 109  84  84  87  88 125
  30  32  29  26  26  28  27  25  25  22 121 192 189 192 193  39
  33  31  33  31  31  34  36  35  32  26 118 195 192 191 193  41
  33  32  31  31  33  32  33  34  34  27 120 192 191 191 193  42
  21  25  33  34  35  36  35  34  35  27 124 192 191 192 193  41
 147  38  34  34  35  36  35  34  34  27 126 192 192 192 193  40
 188  49  37  36  38  33  34  37  36  28 128 191 191 192 192  40
 190  47  40  38  40  37  37  39  40  28 130 192 191 191 193  40
 189  47  39  40  39  42  39  39  39  31 134 192 192 191 194  41
 187  49  40  40  40  44  44  43  37  24 134 191 191 190 192  41
 188  49  42  42  39  40  42  42  41  23 136 192 191 190 193  40
 189  54  38  40  37  39  41  40  40  22 136 191 191 190 194  41
 186  56  39  38  38  39  39  40  39  20 133 190 192 191 192  42
 187  59  40  36  36  37  40  42  40  21 131 190 192 191 173  40
 187  56  38  36  37  37  37  36  38  24  65 105 117 146 129  30
 187  57  39  38  37  35  35  37  40  42  31  26  28  30  28  34
 134 129 123 122 118 117 126 124 122 118 104  81  79  81  85 124
  22  23  21  17  16  19  19  18  22  20 114 175 172 173 182  37
  24  24  25  25  24  27  28  26  23  22 114 178 174 173 185  42
  25  25  23  28  24  23  24  25  23  20 121 176 173 173 179  38
  16  19  24  29  26  27  27  25  25  20 125 176 173 173 179  38
 137  34  24  27  27  28  26  25  24  20 128 176 173 173 179  38
 178  48  26  29  27  22  23  27  26  22 129 175 173 173 179  38
 179  48  27  30  29  26  26  30  29  21 132 175 172 172 180  38
 179  48  27  30  28  31  28  29  28  23 135 175 173 172 181  40
 177  47  28  32  31  35  35  31  24  16 135 175 173 172 179  40
 177  45  30  34  31  32  33  31  31  16 136 174 173 172 180  39
 178  50  26  31  29  31  32  31  33  16 136 177 175 174 183  38
 175  52  26  30  30  30  31  31  31  16 132 174 173 173 180  39
 177  55  28  27  28  29  32  33  33  15 129 177 176 176 162  37
 176  52  25  26  28  29  29  27  30  13  61 103 111 141 123  26
 176  53  27  29  28  27  28  26  30  28  23  19  18  19  20  29

 135  50  50  52  51  49  49  47  48  49  49  49  51  51  45  52
 102 210 210 218 217 215 213 211 210 210 211 212 214 195 152  54
 102 215 220 224 224 223 222 219 219 222 220 220 222 216 166  49
  99 215 223 224 224 223 222 220 220 225 224 222 222 215 136  47
 103 216 220 222 222 222 219 219 219 221 219 220 223 216 128  49
 131 135 129 125 132 136 137 140 140 149 151 150 152 154  88  51
 142  43  50  48  51  53  55  52  53  46  45  43  40  39  42  59
 149  48  50  49  53  54  55  58  55  51  58  60  57  57  57  60
 153  46  48  48  53  54  56  57  56  62  64  63  61  60  56  57
 154  47  51  47  54  55  53  54  57  63  62  61  59  60  57  55
 144  48  49  46  55  56  51  54  60  64  60  59  59  57  57  54
 145  45  46  47  54  55  56  57  57  59  59  57  58  56  57  56
 156  46  50  45  46  49  56  54  49  58  62  59  56  51  49  51
 155  48  51  42  41  44  57  59  58  62  66  61  59  60  57  60
 161  49  51  49  35  45  58  56  54  53  52  57  59  61  59  62
 164  49  50  52  33 160 210 215 215 211 210 212 208 210 211 210
 125  39  41  42  41  40  40  40  41  41  40  41  42  40  30  34
  88 193 193 193 193 193 192 193 194 192 193 194 192 173 129  28
  87 192 191 191 192 192 192 191 191 190 190 190 191 191 146  30
  84 189 192 191 191 192 191 191 192 191 191 191 192 192 117  28
  84 192 195 192 192 192 191 192 192 191 192 191 190 190 105  26
 109 121 118 120 124 126 128 130 134 134 136 136 133 131  65  31
 124  22  26  27  27  27  28  28  31  24  23  22  20  21  24  42
 128  25  32  34  35  34  36  40  39  37  41  40  39  40  38  40
 129  25  35  34  34  34  37  39  39  43  42  40  40  42  36  37
 132  27  36  33  35  35  34  37  39  44  42  41  39  40  37  35
 123  28  34  32  36  36  33  37  42  44  40  39  39  37  37  35
 124  26  31  33  35  35  38  40  39  40  39  37  38  36  37  37
 133  26  31  31  34  34  36  38  40  40  42  40  38  36  36  38
 135  29  33  31  33  34  37  40  39  40  42  38  39  40  38  39
 141  32  31  32  25  38  49  47  47  49  49  54  56  59  56  57
 145  30  33  33  21 147 188 190 189 187 188 189 186 187 187 187
 124  37  42  38  38  38  38  38  40  40  39  38  39  37  26  29
  85 182 185 179 179 179 179 180 181 179 180 183 180 162 123  20
  81 173 173 173 173 173 173 172 172 172 172 174 173 176 141  19
  79 172 174 173 173 173 173 172 173 173 173 175 173 176 111  18
  81 175 178 176 176 176 175 175 175 175 174 177 174 177 103  19
 104 114 114 121 125 128 129 132 135 135 136 136 132 129  61  23
 118  20  22  20  20  20  22  21  23  16  16  16  16  15  13  28
 122  22  23  23  25  24  26  29  28  24  31  33  31  33  30  30
 124  18  26  25  25  25  27  30  29  31  31  31  31  33  27  26
 126  19  28  24  27  26  23  26  28  35  33  32  31  32  29  28
 117  19  27  23  27  28  22  26  31  35  32  31  30  29  29  27
 118  16  24  24  26  27  27  29  28  31  31  29  30  28  28  28
 122  17  25  28  29  27  29  30  30  32  34  31  30  27  26  29
 123  21  25  23  24  24  26  27  27  28  30  26  26  28  25  27
 129  23  24  25  19  34  48  48  48  47  45  50  52  55  52  53
 134  22  24  25  16 137 178 179 179 177 177 178 175 177 176 176

  52  54  49  47  49  51  59  60  57  55  54  56  51  60  62 210
  45 152 166 136 128  88  42  57  56  57  57  57  49  57  59 211
  51 195 216 215 216 154  39  57  60  60  57  56  51  60  61 210
  51 214 222 222 223 152  40  57  61  59  59  58  56  59  59 208
  49 212 220 222 220 150  43  60  63  61  59  57  59  61  57 212
  49 211 220 224 219 151  45  58  64  62  60  59  62  66  52 210
  49 210 222 225 221 149  46  51  62  63  64  59  58  62  53 211
  48 210 219 220 219 140  53  55  56  57  60  57  50  58  54 215
  47 211 219 220 219 140  52  58  57  54  54  57  54  59  56 215
  49 213 222 222 219 137  55  55  56  53  51  56  56  57  58 210
  49 215 223 223 222 136  53  54  54  55  56  55  49  44  45 160
  51 217 224 224 222 132  51  53  53  54  55  54  46  41  35  33
  52 218 224 224 222 125  48  49  48  47  46  47  45  42  49  52
  50 210 220 223 220 129  50  50  48  51  49  46  50  51  51  50
  50 210 215 215 216 135  43  48  46  47  48  45  46  48  49  49
 135 102 102  99 103 131 142 149 153 154 144 145 156 155 161 164
  34  28  30  28  26  31  42  40  37  35  35  37  38  39  57 187
  30 129 146 117 105  65  24  38  36  37  37  37  36  38  56 187
  40 173 191 192 190 131  21  40  42  40  37  36  36  40  59 187
  42 192 191 192 190 133  20  39  40  39  39  38  38  39  56 186
  41 194 190 191 191 136  22  40  40  41  39  37  40  38  54 189
  40 193 190 191 192 136  23  41  42  42  40  39  42  42  49 188
  41 192 190 191 191 134  24  37  43  44  44  40  40  40  49 187
  41 194 191 192 192 134  31  39  39  39  42  39  40  39  47 189
  40 193 191 191 192 130  28  40  39  37  37  40  38  40  47 190
  40 192 192 191 191 128  28  36  37  34  33  38  36  37  49 188
  40 193 192 192 192 126  27  34  34  35  36  35  34  34  38 147
  41 193 192 191 192 124  27  35  34  35  36  35  34  33  25  21
  42 193 191 191 192 120  27  34  34  33  32  33  31  31  32  33
  41 193 191 192 195 118  26  32  35  36  34  31  31  33  31  33
  39 193 192 189 192 121  22  25  25  27  28  26  26  29  32  30
 125  88  87  84  84 109 124 128 129 132 123 124 133 135 141 145
  29  20  19  18  19  23  28  30  26  28  27  28  29  27  53 176
  26 123 141 111 103  61  13  30  27  29  29  28  26  25  52 176
  37 162 176 176 177 129  15  33  33  32  29  28  27  28  55 177
  39 180 173 173 174 132  16  31  31  31  30  30  30  26  52 175
  38 183 174 175 177 136  16  33  31  32  31  29  31  26  50 178
  39 180 172 173 174 136  16  31  31  33  32  31  34  30  45 177
  40 179 172 173 175 135  16  24  31  35  35  31  32  28  47 177
  40 181 172 173 175 135  23  28  29  28  31  28  30  27  48 179
  38 180 172 172 175 132  21  29  30  26  26  29  30  27  48 179
  38 179 173 173 175 129  22  26  27  23  22  27  29  26  48 178
  38 179 173 173 176 128  20  24  25  26  28  27  27  24  34 137
  38 179 173 173 176 125  20  25  25  27  27  26  29  24  19  16
  38 179 173 173 176 121  20  23  25  24  23  24  28  23  25  25
  42 185 173 174 178 114  22  23  26  28  27  24  25  25  24  24
  37 182 173 172 175 114  20  22  18  19  19  16  17  21  23  22
 124  85  81  79  81 104 118 122 124 126 117 118 122 123 129 134

