  54  46  35  35  58  48  51  37  41  53  49  52  58  54  57 169
 172 196 184 193 192 171 187 183 187 184 164  44  61  58  60 167
 237 235 232 236 237 236 239 238 235 236 217  69  64  62  55 155
 240 241 241 240 241 240 242 241 241 235 222  62  61  60  57 163
 238 240 240 234 238 242 239 238 241 238 206  56  63  66  56 150
 201 226 242 239 238 242 240 237 240 239 227  89  72  61  71 173
  52 144 237 243 238 241 241 238 239 238 236 220 227 234 223 139
  61 126 232 241 237 242 240 239 237 237 237 239 236 240 239 137
  61 125 232 242 240 239 239 239 240 240 241 240 241 239 240 158
  52 133 230 239 242 235 239 239 239 235 236 237 238 241 241 149
 141 149 141 162 159 158 169 140 164 158 177 233 240 240 238 146
 239 176  56  45  48  48  52  48  50  48  56 221 238 241 239 143
 239 168  62  59  62  67  67  65  64  65  66 222 240 239 239 155
 240 169  55  63  62  68  68  67  65  63  63 228 236 242 242 149
 242 183  50  40  44  69  63  55  44  50  77 218 236 238 228 146
 239 227 222 201 206 196 194 199 190 191 180  92  80  71  76 145
  33  31  24  25  38  32  35  24  25  35  29  33  41  43  37 153
 155 188 171 170 167 160 177 174 175 168 144  26  45  43  42 152
 207 208 208 208 208 209 208 207 208 208 188  35  43  44  37 141
 209 209 209 207 208 209 209 208 209 208 200  26  41  39  38 147
 209 211 211 209 208 209 210 209 209 206 181  38  44  42  39 136
 180 203 210 210 208 209 209 210 209 207 200  55  54  49  55 139
  40 127 209 210 209 209 209 210 209 205 208 204 209 205 208 126
  40 112 210 209 209 208 210 209 209 209 209 209 209 208 208 114
  38 110 209 207 208 210 210 209 208 207 207 208 208 208 209 126
  33 112 208 209 208 209 209 208 207 207 208 209 210 208 209 126
 120 133 125 151 139 141 153 125 146 140 154 206 209 208 210 124
 209 143  23  33  35  35  44  35  33  34  51 208 208 209 210 120
 208 144  30  46  45  50  52  50  46  44  58 205 208 209 210 128
 208 147  33  46  47  53  52  47  44  43  43 204 208 206 207 124
 209 149  24  25  21  41  36  32  23  30  64 204 205 210 204 136
 208 193 191 183 181 167 165 179 176 173 165  78  74  62  63 127
  26  25  17  18  32  25  28  19  21  31  24  33  33  29  32 151
 149 180 163 163 160 151 168 167 167 161 138  20  31  33  30 147
 193 193 193 193 193 193 191 192 192 191 169  24  31  32  31 138
 191 191 190 188 189 191 191 191 191 190 182  15  33  32  32 141
 191 190 189 193 191 191 191 189 189 189 165  34  35  30  33 130
 170 190 191 195 191 189 192 189 189 189 184  46  50  48  52 131
  35 124 196 192 192 189 192 190 189 187 192 187 196 197 197 119
  31 106 196 191 192 192 192 190 189 187 187 188 190 189 190 104
  33 101 194 189 188 192 192 191 191 190 192 192 190 190 193 110
  28 107 193 189 188 191 194 192 193 192 191 191 191 191 191 113
 113 126 116 145 134 135 148 124 143 134 149 193 191 191 194 116
 195 126  12  30  28  29  37  33  31  30  49 197 190 191 193 108
 191 133  27  36  37  40  38  35  35  35  53 197 191 191 193 117
 191 129  28  35  41  39  40  36  36  35  40 195 187 190 191 113
 192 136  15  17  18  35  30  24  17  24  56 191 192 196 193 127
 191 179 184 166 165 154 156 171 169 165 150  65  69  59  60 123

 169 167 155 163 150 173 139 137 158 149 146 143 155 149 146 145
  57  60  55  57  56  71 223 239 240 241 238 239 239 242 228  76
  54  58  62  60  66  61 234 240 239 241 240 241 239 242 238  71
  58  61  64  61  63  72 227 236 241 238 240 238 240 236 236  80
  52  44  69  62  56  89 220 239 240 237 233 221 222 228 218  92
  49 164 217 222 206 227 236 237 241 236 177  56  66  63  77 180
  53 184 236 235 238 239 238 237 240 235 158  48  65  63  50 191
  41 187 235 241 241 240 239 237 240 239 164  50  64  65  44 190
  37 183 238 241 238 237 238 239 239 239 140  48  65  67  55 199
  51 187 239 242 239 240 241 240 239 239 169  52  67  68  63 194
  48 171 236 240 242 242 241 242 239 235 158  48  67  68  69 196
  58 192 237 241 238 238 238 237 240 242 159  48  62  62  44 206
  35 193 236 240 234 239 243 241 242 239 162  45  59  63  40 201
  35 184 232 241 240 242 237 232 232 230 141  56  62  55  50 222
  46 196 235 241 240 226 144 126 125 133 149 176 168 169 183 227
  54 172 237 240 238 201  52  61  61  52 141 239 239 240 242 239
 153 152 141 147 136 139 126 114 126 126 124 120 128 124 136 127
  37  42  37  38  39  55 208 208 209 209 210 210 210 207 204  63
  43  43  44  39  42  49 205 208 208 208 208 209 209 206 210  62
  41  45  43  41  44  54 209 209 208 210 209 208 208 208 205  74
  33  26  35  26  38  55 204 209 208 209 206 208 205 204 204  78
  29 144 188 200 181 200 208 209 207 208 154  51  58  43  64 165
  35 168 208 208 206 207 205 209 207 207 140  34  44  43  30 173
  25 175 208 209 209 209 209 209 208 207 146  33  46  44  23 176
  24 174 207 208 209 210 210 209 209 208 125  35  50  47  32 179
  35 177 208 209 210 209 209 210 210 209 153  44  52  52  36 165
  32 160 209 209 209 209 209 208 210 209 141  35  50  53  41 167
  38 167 208 208 208 208 209 209 208 208 139  35  45  47  21 181
  25 170 208 207 209 210 210 209 207 209 151  33  46  46  25 183
  24 171 208 209 211 210 209 210 209 208 125  23  30  33  24 191
  31 188 208 209 211 203 127 112 110 112 133 143 144 147 149 193
  33 155 207 209 209 180  40  40  38  33 120 209 208 208 209 208
 151 147 138 141 130 131 119 104 110 113 116 108 117 113 127 123
  32  30  31  32  33  52 197 190 193 191 194 193 193 191 193  60
  29  33  32  32  30  48 197 189 190 191 191 191 191 190 196  59
  33  31  31  33  35  50 196 190 190 191 191 190 191 187 192  69
  33  20  24  15  34  46 187 188 192 191 193 197 197 195 191  65
  24 138 169 182 165 184 192 187 192 191 149  49  53  40  56 150
  31 161 191 190 189 189 187 187 190 192 134  30  35  35  24 165
  21 167 192 191 189 189 189 189 191 193 143  31  35  36  17 169
  19 167 192 191 189 189 190 190 191 192 124  33  35  36  24 171
  28 168 191 191 191 192 192 192 192 194 148  37  38  40  30 156
  25 151 193 191 191 189 189 192 192 191 135  29  40  39  35 154
  32 160 193 189 191 191 192 192 188 188 134  28  37  41  18 165
  18 163 193 188 193 195 192 191 189 189 145  30  36  35  17 166
  17 163 193 190 189 191 196 196 194 193 116  12  27  28  15 184
  25 180 193 191 190 190 124 106 101 107 126 126 133 129 136 179
  26 149 193 191 191 170  35  31  33  28 113 195 191 191 192 191

 145  76  71  80  92 180 191 190 199 194 196 206 201 222 227 239
 146 228 238 236 218  77  50  44  55  63  69  44  40  50 183 242
 149 242 242 236 228  63  63  65  67  68  68  62  63  55 169 240
 155 239 239 240 222  66  65  64  65  67  67  62  59  62 168 239
 143 239 241 238 221  56  48  50  48  52  48  48  45  56 176 239
 146 238 240 240 233 177 158 164 140 169 158 159 162 141 149 141
 149 241 241 238 237 236 235 239 239 239 235 242 239 230 133  52
 158 240 239 241 240 241 240 240 239 239 239 240 242 232 125  61
 137 239 240 236 239 237 237 237 239 240 242 237 241 232 126  61
 139 223 234 227 220 236 238 239 238 241 241 238 243 237 144  52
 173  71  61  72  89 227 239 240 237 240 242 238 239 242 226 201
 150  56  66  63  56 206 238 241 238 239 242 238 234 240 240 238
 163  57  60  61  62 222 235 241 241 242 240 241 240 241 241 240
 155  55  62  64  69 217 236 235 238 239 236 237 236 232 235 237
 167  60  58  61  44 164 184 187 183 187 171 192 193 184 196 172
 169  57  54  58  52  49  53  41  37  51  48  58  35  35  46  54
 127  63  62  74  78 165 173 176 179 165 167 181 183 191 193 208
 136 204 210 205 204  64  30  23  32  36  41  21  25  24 149 209
 124 207 206 208 204  43  43  44  47  52  53  47  46  33 147 208
 128 210 209 208 205  58  44  46  50  52  50  45  46  30 144 208
 120 210 209 208 208  51  34  33  35  44  35  35  33  23 143 209
 124 210 208 209 206 154 140 146 125 153 141 139 151 125 133 120
 126 209 208 210 209 208 207 207 208 209 209 208 209 208 112  33
 126 209 208 208 208 207 207 208 209 210 210 208 207 209 110  38
 114 208 208 209 209 209 209 209 209 210 208 209 209 210 112  40
 126 208 205 209 204 208 205 209 210 209 209 209 210 209 127  40
 139  55  49  54  55 200 207 209 210 209 209 208 210 210 203 180
 136  39  42  44  38 181 206 209 209 210 209 208 209 211 211 209
 147  38  39  41  26 200 208 209 208 209 209 208 207 209 209 209
 141  37  44  43  35 188 208 208 207 208 209 208 208 208 208 207
 152  42  43  45  26 144 168 175 174 177 160 167 170 171 188 155
 153  37  43  41  33  29  35  25  24  35  32  38  25  24  31  33
 123  60  59  69  65 150 165 169 171 156 154 165 166 184 179 191
 127 193 196 192 191  56  24  17  24  30  35  18  17  15 136 192
 113 191 190 187 195  40  35  36  36  40  39  41  35  28 129 191
 117 193 191 191 197  53  35  35  35  38  40  37  36  27 133 191
 108 193 191 190 197  49  30  31  33  37  29  28  30  12 126 195
 116 194 191 191 193 149 134 143 124 148 135 134 145 116 126 113
 113 191 191 191 191 191 192 193 192 194 191 188 189 193 107  28
 110 193 190 190 192 192 190 191 191 192 192 188 189 194 101  33
 104 190 189 190 188 187 187 189 190 192 192 192 191 196 106  31
 119 197 197 196 187 192 187 189 190 192 189 192 192 196 124  35
 131  52  48  50  46 184 189 189 189 192 189 191 195 191 190 170
 130  33  30  35  34 165 189 189 189 191 191 191 193 189 190 191
 141  32  32  33  15 182 190 191 191 191 191 189 188 190 191 191
 138  31  32  31  24 169 191 192 192 191 193 193 193 193 193 193
 147  30  33  31  20 138 161 167 167 168 151 160 163 163 180 149
 151  32  29  33  33  24  31  21  19  28  25  32  18  17  25  26

 239 242 240 239 239 141  52  61  61  52 201 238 240 237 172  54
 227 183 169 168 176 149 133 125 126 144 226 240 241 235 196  46
 222  50  55  62  56 141 230 232 232 237 242 240 241 232 184  35
 201  40  63  59  45 162 239 242 241 243 239 234 240 236 193  35
 206  44  62  62  48 159 242 240 237 238 238 238 241 237 192  58
 196  69  68  67  48 158 235 239 242 241 242 242 240 236 171  48
 194  63  68  67  52 169 239 239 240 241 240 239 242 239 187  51
 199  55  67  65  48 140 239 239 239 238 237 238 241 238 183  37
 190  44  65  64  50 164 239 240 237 239 240 241 241 235 187  41
 191  50  63  65  48 158 235 240 237 238 239 238 235 236 184  53
 180  77  63  66  56 177 236 241 237 236 227 206 222 217 164  49
  92 218 228 222 221 233 237 240 239 220  89  56  62  69  44  52
  80 236 236 240 238 240 238 241 236 227  72  63  61  64  61  58
  71 238 242 239 241 240 241 239 240 234  61  66  60  62  58  54
  76 228 242 239 239 238 241 240 239 223  71  56  57  55  60  57
 145 146 149 155 143 146 149 158 137 139 173 150 163 155 167 169
 208 209 208 208 209 120  33  38  40  40 180 209 209 207 155  33
 193 149 147 144 143 133 112 110 112 127 203 211 209 208 188  31
 191  24  33  30  23 125 208 209 210 209 210 211 209 208 171  24
 183  25  46  46  33 151 209 207 209 210 210 209 207 208 170  25
 181  21  47  45  35 139 208 208 209 209 208 208 208 208 167  38
 167  41  53  50  35 141 209 210 208 209 209 209 209 209 160  32
 165  36  52  52  44 153 209 210 210 209 209 210 209 208 177  35
 179  32  47  50  35 125 208 209 209 210 210 209 208 207 174  24
 176  23  44  46  33 146 207 208 209 209 209 209 209 208 175  25
 173  30  43  44  34 140 207 207 209 205 207 206 208 208 168  35
 165  64  43  58  51 154 208 207 209 208 200 181 200 188 144  29
  78 204 204 205 208 206 209 208 209 204  55  38  26  35  26  33
  74 205 208 208 208 209 210 208 209 209  54  44  41  43  45  41
  62 210 206 209 209 208 208 208 208 205  49  42  39  44  43  43
  63 204 207 210 210 210 209 209 208 208  55  39  38  37  42  37
 127 136 124 128 120 124 126 126 114 126 139 136 147 141 152 153
 191 192 191 191 195 113  28  33  31  35 170 191 191 193 149  26
 179 136 129 133 126 126 107 101 106 124 190 190 191 193 180  25
 184  15  28  27  12 116 193 194 196 196 191 189 190 193 163  17
 166  17  35  36  30 145 189 189 191 192 195 193 188 193 163  18
 165  18  41  37  28 134 188 188 192 192 191 191 189 193 160  32
 154  35  39  40  29 135 191 192 192 189 189 191 191 193 151  25
 156  30  40  38  37 148 194 192 192 192 192 191 191 191 168  28
 171  24  36  35  33 124 192 191 190 190 189 189 191 192 167  19
 169  17  36  35  31 143 193 191 189 189 189 189 191 192 167  21
 165  24  35  35  30 134 192 190 187 187 189 189 190 191 161  31
 150  56  40  53  49 149 191 192 187 192 184 165 182 169 138  24
  65 191 195 197 197 193 191 192 188 187  46  34  15  24  20  33
  69 192 187 191 190 191 191 190 190 196  50  35  33  31  31  33
  59 196 190 191 191 191 191 190 189 197  48  30  32  32  33  29
  60 193 191 193 193 194 191 193 190 197  52  33  32  31  30  32
 123 127 113 117 108 116 113 110 104 119 131 130 141 138 147 151

