 236 123  78  51  49  53  49  54  60  39 140 230 236 238 229  88
  81  83  75  58  47  53  56  52  55  43  52  84  87  92  91 193
  80  93  58  51  52  48  49  48  54  54  51  62  56  50  39 205
  73  97  70  50  48  52  53  55  53  49  47  55  51  51  43 199
  74  94  72  50  46  53  56  57  54  51  52  58  50  53  35 214
  87  78  70  53  50  54  57  57  54  47  54  69  55  45  94 185
 237 119  77  52  46  53  54  56  51  32 146 224 220 219 223 100
 238 126  75  53  47  55  52  55  55  41 156 232 242 241 236 108
 241 107  81  53  47  53  55  58  54  39 155 238 243 241 240  93
 240 129  81  56  45  50  57  58  56  35 148 236 243 238 239  86
 239 126  73  54  46  55  59  55  55  39 146 235 242 241 240  74
 237 131  76  48  46  57  60  56  56  44 154 238 239 241 237  98
 239 106  76  57  54  57  59  54  58  44 160 240 237 241 233  90
 235 115  70  57  56  57  61  53  57  38 161 236 239 242 234  80
 235 116  40  32  31  30  58  57  53  44 159 228 231 231 229  91
 235 227 212 216 214 209 204 200 200 187 141  89  91  58  80 190
 213  94  51  36  33  35  39  39  36  26 132 205 207 210 203  67
  64  61  50  38  33  35  39  40  38  32  42  67  74  80  80 178
  52  71  49  36  34  34  39  40  38  35  31  36  38  33  28 192
  56  81  52  37  36  36  37  39  37  33  32  38  37  30  29 185
  55  77  53  35  33  36  40  40  37  34  35  41  40  34  20 197
  67  59  50  35  35  36  39  39  35  29  35  50  35  25  76 163
 214  90  53  34  32  34  38  38  33  20 134 207 208 206 208  73
 212  96  47  35  34  36  37  37  36  23 137 208 209 210 208  66
 213  78  50  33  34  36  40  40  36  23 136 209 208 208 212  60
 210 100  51  34  32  35  41  41  37  23 139 209 208 212 207  66
 212  80  48  33  34  37  39  39  37  27 138 210 209 210 208  54
 209  88  47  35  33  33  40  38  37  24 139 209 211 209 210  67
 210  71  49  36  33  36  40  37  37  24 140 207 209 208 207  57
 208  79  47  35  34  37  41  39  38  24 148 207 210 209 209  55
 209  79  27  17  18  17  44  47  41  32 143 204 207 206 203  66
 210 204 198 200 198 193 186 181 177 172 116  72  75  47  64 171
 200  81  38  24  24  29  30  30  31  21 130 192 193 195 189  62
  59  52  36  25  25  29  32  30  28  25  36  62  72  76  79 171
  43  60  35  26  27  27  31  30  28  26  24  29  33  30  29 184
  44  62  40  29  25  29  30  32  29  25  24  30  30  27  27 180
  46  59  40  28  24  29  31  31  29  26  26  32  28  28  14 185
  61  44  38  29  28  29  32  32  29  22  29  44  30  23  69 155
 197  74  41  28  27  30  32  29  25  17 133 203 199 196 198  74
 192  82  37  28  28  29  29  29  28  18 130 195 192 194 191  51
 195  66  42  27  26  27  31  31  29  19 132 193 189 193 196  48
 195  81  38  27  25  27  32  31  29  20 135 192 190 190 192  60
 197  58  31  26  27  29  31  30  27  20 134 192 192 192 190  44
 193  74  31  24  26  28  31  29  28  17 139 196 193 191 191  53
 193  58  38  22  25  29  32  28  28  19 142 196 191 190 190  44
 191  67  41  27  26  27  31  28  27  19 145 193 190 191 191  43
 191  64  22  13  14  13  40  42  31  27 141 196 192 195 195  60
 193 191 192 196 194 188 182 176 168 162 116  69  70  47  62 171

  88 193 205 199 214 185 100 108  93  86  74  98  90  80  91 190
 229  91  39  43  35  94 223 236 240 239 240 237 233 234 229  80
 238  92  50  51  53  45 219 241 241 238 241 241 241 242 231  58
 236  87  56  51  50  55 220 242 243 243 242 239 237 239 231  91
 230  84  62  55  58  69 224 232 238 236 235 238 240 236 228  89
 140  52  51  47  52  54 146 156 155 148 146 154 160 161 159 141
  39  43  54  49  51  47  32  41  39  35  39  44  44  38  44 187
  60  55  54  53  54  54  51  55  54  56  55  56  58  57  53 200
  54  52  48  55  57  57  56  55  58  58  55  56  54  53  57 200
  49  56  49  53  56  57  54  52  55  57  59  60  59  61  58 204
  53  53  48  52  53  54  53  55  53  50  55  57  57  57  30 209
  49  47  52  48  46  50  46  47  47  45  46  46  54  56  31 214
  51  58  51  50  50  53  52  53  53  56  54  48  57  57  32 216
  78  75  58  70  72  70  77  75  81  81  73  76  76  70  40 212
 123  83  93  97  94  78 119 126 107 129 126 131 106 115 116 227
 236  81  80  73  74  87 237 238 241 240 239 237 239 235 235 235
  67 178 192 185 197 163  73  66  60  66  54  67  57  55  66 171
 203  80  28  29  20  76 208 208 212 207 208 210 207 209 203  64
 210  80  33  30  34  25 206 210 208 212 210 209 208 209 206  47
 207  74  38  37  40  35 208 209 208 208 209 211 209 210 207  75
 205  67  36  38  41  50 207 208 209 209 210 209 207 207 204  72
 132  42  31  32  35  35 134 137 136 139 138 139 140 148 143 116
  26  32  35  33  34  29  20  23  23  23  27  24  24  24  32 172
  36  38  38  37  37  35  33  36  36  37  37  37  37  38  41 177
  39  40  40  39  40  39  38  37  40  41  39  38  37  39  47 181
  39  39  39  37  40  39  38  37  40  41  39  40  40  41  44 186
  35  35  34  36  36  36  34  36  36  35  37  33  36  37  17 193
  33  33  34  36  33  35  32  34  34  32  34  33  33  34  18 198
  36  38  36  37  35  35  34  35  33  34  33  35  36  35  17 200
  51  50  49  52  53  50  53  47  50  51  48  47  49  47  27 198
  94  61  71  81  77  59  90  96  78 100  80  88  71  79  79 204
 213  64  52  56  55  67 214 212 213 210 212 209 210 208 209 210
  62 171 184 180 185 155  74  51  48  60  44  53  44  43  60 171
 189  79  29  27  14  69 198 191 196 192 190 191 190 191 195  62
 195  76  30  27  28  23 196 194 193 190 192 191 190 191 195  47
 193  72  33  30  28  30 199 192 189 190 192 193 191 190 192  70
 192  62  29  30  32  44 203 195 193 192 192 196 196 193 196  69
 130  36  24  24  26  29 133 130 132 135 134 139 142 145 141 116
  21  25  26  25  26  22  17  18  19  20  20  17  19  19  27 162
  31  28  28  29  29  29  25  28  29  29  27  28  28  27  31 168
  30  30  30  32  31  32  29  29  31  31  30  29  28  28  42 176
  30  32  31  30  31  32  32  29  31  32  31  31  32  31  40 182
  29  29  27  29  29  29  30  29  27  27  29  28  29  27  13 188
  24  25  27  25  24  28  27  28  26  25  27  26  25  26  14 194
  24  25  26  29  28  29  28  28  27  27  26  24  22  27  13 196
  38  36  35  40  40  38  41  37  42  38  31  31  38  41  22 192
  81  52  60  62  59  44  74  82  66  81  58  74  58  67  64 191
 200  59  43  44  46  61 197 192 195 195 197 193 193 191 191 193

 190  80  58  91  89 141 187 200 200 204 209 214 216 212 227 235
  91 229 231 231 228 159  44  53  57  58  30  31  32  40 116 235
  80 234 242 239 236 161  38  57  53  61  57  56  57  70 115 235
  90 233 241 237 240 160  44  58  54  59  57  54  57  76 106 239
  98 237 241 239 238 154  44  56  56  60  57  46  48  76 131 237
  74 240 241 242 235 146  39  55  55  59  55  46  54  73 126 239
  86 239 238 243 236 148  35  56  58  57  50  45  56  81 129 240
  93 240 241 243 238 155  39  54  58  55  53  47  53  81 107 241
 108 236 241 242 232 156  41  55  55  52  55  47  53  75 126 238
 100 223 219 220 224 146  32  51  56  54  53  46  52  77 119 237
 185  94  45  55  69  54  47  54  57  57  54  50  53  70  78  87
 214  35  53  50  58  52  51  54  57  56  53  46  50  72  94  74
 199  43  51  51  55  47  49  53  55  53  52  48  50  70  97  73
 205  39  50  56  62  51  54  54  48  49  48  52  51  58  93  80
 193  91  92  87  84  52  43  55  52  56  53  47  58  75  83  81
  88 229 238 236 230 140  39  60  54  49  53  49  51  78 123 236
 171  64  47  75  72 116 172 177 181 186 193 198 200 198 204 210
  66 203 206 207 204 143  32  41  47  44  17  18  17  27  79 209
  55 209 209 210 207 148  24  38  39  41  37  34  35  47  79 208
  57 207 208 209 207 140  24  37  37  40  36  33  36  49  71 210
  67 210 209 211 209 139  24  37  38  40  33  33  35  47  88 209
  54 208 210 209 210 138  27  37  39  39  37  34  33  48  80 212
  66 207 212 208 209 139  23  37  41  41  35  32  34  51 100 210
  60 212 208 208 209 136  23  36  40  40  36  34  33  50  78 213
  66 208 210 209 208 137  23  36  37  37  36  34  35  47  96 212
  73 208 206 208 207 134  20  33  38  38  34  32  34  53  90 214
 163  76  25  35  50  35  29  35  39  39  36  35  35  50  59  67
 197  20  34  40  41  35  34  37  40  40  36  33  35  53  77  55
 185  29  30  37  38  32  33  37  39  37  36  36  37  52  81  56
 192  28  33  38  36  31  35  38  40  39  34  34  36  49  71  52
 178  80  80  74  67  42  32  38  40  39  35  33  38  50  61  64
  67 203 210 207 205 132  26  36  39  39  35  33  36  51  94 213
 171  62  47  70  69 116 162 168 176 182 188 194 196 192 191 193
  60 195 195 192 196 141  27  31  42  40  13  14  13  22  64 191
  43 191 191 190 193 145  19  27  28  31  27  26  27  41  67 191
  44 190 190 191 196 142  19  28  28  32  29  25  22  38  58 193
  53 191 191 193 196 139  17  28  29  31  28  26  24  31  74 193
  44 190 192 192 192 134  20  27  30  31  29  27  26  31  58 197
  60 192 190 190 192 135  20  29  31  32  27  25  27  38  81 195
  48 196 193 189 193 132  19  29  31  31  27  26  27  42  66 195
  51 191 194 192 195 130  18  28  29  29  29  28  28  37  82 192
  74 198 196 199 203 133  17  25  29  32  30  27  28  41  74 197
 155  69  23  30  44  29  22  29  32  32  29  28  29  38  44  61
 185  14  28  28  32  26  26  29  31  31  29  24  28  40  59  46
 180  27  27  30  30  24  25  29  32  30  29  25  29  40  62  44
 184  29  30  33  29  24  26  28  30  31  27  27  26  35  60  43
 171  79  76  72  62  36  25  28  30  32  29  25  25  36  52  59
  62 189 195 193 192 130  21  31  30  30  29  24  24  38  81 200

 235 235 235 239 237 239 240 241 238 237  87  74  73  80  81 236
 227 116 115 106 131 126 129 107 126 119  78  94  97  93  83 123
 212  40  70  76  76  73  81  81  75  77  70  72  70  58  75  78
 216  32  57  57  48  54  56  53  53  52  53  50  50  51  58  51
 214  31  56  54  46  46  45  47  47  46  50  46  48  52  47  49
 209  30  57  57  57  55  50  53  55  53  54  53  52  48  53  53
 204  58  61  59  60  59  57  55  52  54  57  56  53  49  56  49
 200  57  53  54  56  55  58  58  55  56  57  57  55  48  52  54
 200  53  57  58  56  55  56  54  55  51  54  54  53  54  55  60
 187  44  38  44  44  39  35  39  41  32  47  51  49  54  43  39
 141 159 161 160 154 146 148 155 156 146  54  52  47  51  52 140
  89 228 236 240 238 235 236 238 232 224  69  58  55  62  84 230
  91 231 239 237 239 242 243 243 242 220  55  50  51  56  87 236
  58 231 242 241 241 241 238 241 241 219  45  53  51  50  92 238
  80 229 234 233 237 240 239 240 236 223  94  35  43  39  91 229
 190  91  80  90  98  74  86  93 108 100 185 214 199 205 193  88
 210 209 208 210 209 212 210 213 212 214  67  55  56  52  64 213
 204  79  79  71  88  80 100  78  96  90  59  77  81  71  61  94
 198  27  47  49  47  48  51  50  47  53  50  53  52  49  50  51
 200  17  35  36  35  33  34  33  35  34  35  35  37  36  38  36
 198  18  34  33  33  34  32  34  34  32  35  33  36  34  33  33
 193  17  37  36  33  37  35  36  36  34  36  36  36  34  35  35
 186  44  41  40  40  39  41  40  37  38  39  40  37  39  39  39
 181  47  39  37  38  39  41  40  37  38  39  40  39  40  40  39
 177  41  38  37  37  37  37  36  36  33  35  37  37  38  38  36
 172  32  24  24  24  27  23  23  23  20  29  34  33  35  32  26
 116 143 148 140 139 138 139 136 137 134  35  35  32  31  42 132
  72 204 207 207 209 210 209 209 208 207  50  41  38  36  67 205
  75 207 210 209 211 209 208 208 209 208  35  40  37  38  74 207
  47 206 209 208 209 210 212 208 210 206  25  34  30  33  80 210
  64 203 209 207 210 208 207 212 208 208  76  20  29  28  80 203
 171  66  55  57  67  54  66  60  66  73 163 197 185 192 178  67
 193 191 191 193 193 197 195 195 192 197  61  46  44  43  59 200
 191  64  67  58  74  58  81  66  82  74  44  59  62  60  52  81
 192  22  41  38  31  31  38  42  37  41  38  40  40  35  36  38
 196  13  27  22  24  26  27  27  28  28  29  28  29  26  25  24
 194  14  26  25  26  27  25  26  28  27  28  24  25  27  25  24
 188  13  27  29  28  29  27  27  29  30  29  29  29  27  29  29
 182  40  31  32  31  31  32  31  29  32  32  31  30  31  32  30
 176  42  28  28  29  30  31  31  29  29  32  31  32  30  30  30
 168  31  27  28  28  27  29  29  28  25  29  29  29  28  28  31
 162  27  19  19  17  20  20  19  18  17  22  26  25  26  25  21
 116 141 145 142 139 134 135 132 130 133  29  26  24  24  36 130
  69 196 193 196 196 192 192 193 195 203  44  32  30  29  62 192
  70 192 190 191 193 192 190 189 192 199  30  28  30  33  72 193
  47 195 191 190 191 192 190 193 194 196  23  28  27  30  76 195
  62 195 191 190 191 190 192 196 191 198  69  14  27  29  79 189
 171  60  43  44  53  44  60  48  51  74 155 185 180 184 171  62

