  52  44  45  45  44  46  54  56  52  50  50  52  52  47  40 160
  41  92 153 152 153 146  70  58  52  51  52  50  49  46  40 158
  50 137 213 222 220 203  71  56  56  55  53  52  49  48  40 158
  54 138 216 221 222 203  66  56  55  53  56  50  47  53  41 159
  50 152 216 220 221 202  65  56  57  52  55  51  49  56  42 161
  49 167 216 220 222 201  65  56  56  52  57  52  52  58  44 162
  43 173 218 221 223 197  65  57  56  54  54  54  53  53  45 162
  42 182 216 220 222 194  63  58  57  53  51  55  54  53  44 160
  42 184 215 219 220 191  49  55  56  52  48  51  50  48  42 159
  48 164 213 217 219 187  52  55  53  48  46  51  51  47  39 158
  46 151 213 218 219 185  52  52  50  44  46  49  49  45  34  86
  33 139 211 221 219 181  48  47  48  44  48  47  44  43  41  37
  36 141 212 216 216 205  46  41  43  45  47  44  40  39  40  40
  35 138 206 214 214 213  48  42  44  47  46  44  43  44  42  42
  40 154 206 208 206 209  53  41  42  41  41  43  42  43  40  40
 167 110  52  51  49  69 188 194 198 193 193 197 198 196 195 195
  38  27  26  26  25  28  34  36  35  35  34  34  36  34  30 146
  25  80 134 132 134 121  42  36  37  39  37  33  35  35  31 146
  29 124 185 189 185 175  54  36  36  38  37  37  36  36  31 145
  29 126 188 188 185 175  53  36  36  39  36  37  35  34  29 143
  27 127 186 185 184 173  52  36  38  39  34  37  36  35  29 145
  29 126 185 185 184 174  52  37  37  39  36  36  36  36  31 145
  28 138 185 185 184 171  50  36  36  38  37  36  35  34  31 145
  27 149 184 184 184 168  47  36  36  37  35  36  36  35  30 145
  27 152 184 186 183 165  36  33  35  36  33  34  34  33  31 147
  29 132 185 184 184 161  33  34  33  34  33  34  32  32  28 145
  29 127 185 184 184 158  29  32  31  32  33  31  30  32  23  73
  25 126 182 184 183 155  28  32  33  32  32  31  32  33  28  23
  25 127 182 184 183 175  25  30  30  32  31  30  29  29  29  29
  23 128 181 183 182 180  24  30  30  31  32  31  30  32  31  31
  17 130 179 180 182 179  24  17  16  17  20  21  20  20  18  19
 137  78  34  37  39  52 165 169 167 169 170 168 168 168 168 167
  28  20  20  21  19  17  23  29  30  29  27  24  29  26  21 140
  20  75 129 126 126 114  37  30  28  26  26  23  28  27  22 139
  25 116 172 173 167 163  50  30  29  27  30  27  28  27  23 140
  25 116 171 169 168 160  48  29  29  27  30  27  25  26  24 142
  23 119 170 167 167 159  46  29  32  27  28  27  25  28  24 144
  24 121 168 167 168 159  46  30  30  27  30  26  25  29  26 144
  21 124 168 167 168 157  44  29  29  27  30  28  28  27  23 141
  21 132 168 166 167 153  42  29  29  25  28  28  29  28  22 140
  21 134 167 167 166 151  31  27  28  24  27  26  28  25  22 141
  21 120 167 166 166 146  28  28  26  23  25  25  26  26  21 138
  20 117 168 166 166 143  25  26  25  21  25  24  23  25  16  66
  19 119 167 165 165 140  23  26  27  21  25  24  23  22  19  17
  20 122 170 164 163 159  21  23  23  21  22  22  22  21  22  23
  17 123 166 165 163 167  20  25  24  24  24  21  20  22  22  23
  13 124 168 165 168 167  18  13  13  12  12   9   8   9   9  10
 129  71  32  34  33  42 146 150 151 150 149 150 151 150 150 150

 160 158 158 159 161 162 162 160 159 158  86  37  40  42  40 195
  40  40  40  41  42  44  45  44  42  39  34  41  40  42  40 195
  47  46  48  53  56  58  53  53  48  47  45  43  39  44  43 196
  52  49  49  47  49  52  53  54  50  51  49  44  40  43  42 198
  52  50  52  50  51  52  54  55  51  51  49  47  44  44  43 197
  50  52  53  56  55  57  54  51  48  46  46  48  47  46  41 193
  50  51  55  53  52  52  54  53  52  48  44  44  45  47  41 193
  52  52  56  55  57  56  56  57  56  53  50  48  43  44  42 198
  56  58  56  56  56  56  57  58  55  55  52  47  41  42  41 194
  54  70  71  66  65  65  65  63  49  52  52  48  46  48  53 188
  46 146 203 203 202 201 197 194 191 187 185 181 205 213 209  69
  44 153 220 222 221 222 223 222 220 219 219 219 216 214 206  49
  45 152 222 221 220 220 221 220 219 217 218 221 216 214 208  51
  45 153 213 216 216 216 218 216 215 213 213 211 212 206 206  52
  44  92 137 138 152 167 173 182 184 164 151 139 141 138 154 110
  52  41  50  54  50  49  43  42  42  48  46  33  36  35  40 167
 146 146 145 143 145 145 145 145 147 145  73  23  29  31  19 167
  30  31  31  29  29  31  31  30  31  28  23  28  29  31  18 168
  34  35  36  34  35  36  34  35  33  32  32  33  29  32  20 168
  36  35  36  35  36  36  35  36  34  32  30  32  29  30  20 168
  34  33  37  37  37  36  36  36  34  34  31  31  30  31  21 168
  34  37  37  36  34  36  37  35  33  33  33  32  31  32  20 170
  35  39  38  39  39  39  38  37  36  34  32  32  32  31  17 169
  35  37  36  36  38  37  36  36  35  33  31  33  30  30  16 167
  36  36  36  36  36  37  36  36  33  34  32  32  30  30  17 169
  34  42  54  53  52  52  50  47  36  33  29  28  25  24  24 165
  28 121 175 175 173 174 171 168 165 161 158 155 175 180 179  52
  25 134 185 185 184 184 184 184 183 184 184 183 183 182 182  39
  26 132 189 188 185 185 185 184 186 184 184 184 184 183 180  37
  26 134 185 188 186 185 185 184 184 185 185 182 182 181 179  34
  27  80 124 126 127 126 138 149 152 132 127 126 127 128 130  78
  38  25  29  29  27  29  28  27  27  29  29  25  25  23  17 137
 140 139 140 142 144 144 141 140 141 138  66  17  23  23  10 150
  21  22  23  24  24  26  23  22  22  21  16  19  22  22   9 150
  26  27  27  26  28  29  27  28  25  26  25  22  21  22   9 150
  29  28  28  25  25  25  28  29  28  26  23  23  22  20   8 151
  24  23  27  27  27  26  28  28  26  25  24  24  22  21   9 150
  27  26  30  30  28  30  30  28  27  25  25  25  22  24  12 149
  29  26  27  27  27  27  27  25  24  23  21  21  21  24  12 150
  30  28  29  29  32  30  29  29  28  26  25  27  23  24  13 151
  29  30  30  29  29  30  29  29  27  28  26  26  23  25  13 150
  23  37  50  48  46  46  44  42  31  28  25  23  21  20  18 146
  17 114 163 160 159 159 157 153 151 146 143 140 159 167 167  42
  19 126 167 168 167 168 168 167 166 166 166 165 163 163 168  33
  21 126 173 169 167 167 167 166 167 166 166 165 164 165 165  34
  20 129 172 171 170 168 168 168 167 167 168 167 170 166 168  32
  20  75 116 116 119 121 124 132 134 120 117 119 122 123 124  71
  28  20  25  25  23  24  21  21  21  21  20  19  20  17  13 129

 195 195 196 198 197 193 193 198 194 188  69  49  51  52 110 167
  40  40  43  42  43  41  41  42  41  53 209 206 208 206 154  40
  42  42  44  43  44  46  47  44  42  48 213 214 214 206 138  35
  40  40  39  40  44  47  45  43  41  46 205 216 216 212 141  36
  37  41  43  44  47  48  44  48  47  48 181 219 221 211 139  33
  86  34  45  49  49  46  44  50  52  52 185 219 218 213 151  46
 158  39  47  51  51  46  48  53  55  52 187 219 217 213 164  48
 159  42  48  50  51  48  52  56  55  49 191 220 219 215 184  42
 160  44  53  54  55  51  53  57  58  63 194 222 220 216 182  42
 162  45  53  53  54  54  54  56  57  65 197 223 221 218 173  43
 162  44  58  52  52  57  52  56  56  65 201 222 220 216 167  49
 161  42  56  49  51  55  52  57  56  65 202 221 220 216 152  50
 159  41  53  47  50  56  53  55  56  66 203 222 221 216 138  54
 158  40  48  49  52  53  55  56  56  71 203 220 222 213 137  50
 158  40  46  49  50  52  51  52  58  70 146 153 152 153  92  41
 160  40  47  52  52  50  50  52  56  54  46  44  45  45  44  52
 167 168 168 168 168 170 169 167 169 165  52  39  37  34  78 137
  19  18  20  20  21  20  17  16  17  24 179 182 180 179 130  17
  31  31  32  30  31  32  31  30  30  24 180 182 183 181 128  23
  29  29  29  29  30  31  32  30  30  25 175 183 184 182 127  25
  23  28  33  32  31  32  32  33  32  28 155 183 184 182 126  25
  73  23  32  30  31  33  32  31  32  29 158 184 184 185 127  29
 145  28  32  32  34  33  34  33  34  33 161 184 184 185 132  29
 147  31  33  34  34  33  36  35  33  36 165 183 186 184 152  27
 145  30  35  36  36  35  37  36  36  47 168 184 184 184 149  27
 145  31  34  35  36  37  38  36  36  50 171 184 185 185 138  28
 145  31  36  36  36  36  39  37  37  52 174 184 185 185 126  29
 145  29  35  36  37  34  39  38  36  52 173 184 185 186 127  27
 143  29  34  35  37  36  39  36  36  53 175 185 188 188 126  29
 145  31  36  36  37  37  38  36  36  54 175 185 189 185 124  29
 146  31  35  35  33  37  39  37  36  42 121 134 132 134  80  25
 146  30  34  36  34  34  35  35  36  34  28  25  26  26  27  38
 150 150 150 151 150 149 150 151 150 146  42  33  34  32  71 129
  10   9   9   8   9  12  12  13  13  18 167 168 165 168 124  13
  23  22  22  20  21  24  24  24  25  20 167 163 165 166 123  17
  23  22  21  22  22  22  21  23  23  21 159 163 164 170 122  20
  17  19  22  23  24  25  21  27  26  23 140 165 165 167 119  19
  66  16  25  23  24  25  21  25  26  25 143 166 166 168 117  20
 138  21  26  26  25  25  23  26  28  28 146 166 166 167 120  21
 141  22  25  28  26  27  24  28  27  31 151 166 167 167 134  21
 140  22  28  29  28  28  25  29  29  42 153 167 166 168 132  21
 141  23  27  28  28  30  27  29  29  44 157 168 167 168 124  21
 144  26  29  25  26  30  27  30  30  46 159 168 167 168 121  24
 144  24  28  25  27  28  27  32  29  46 159 167 167 170 119  23
 142  24  26  25  27  30  27  29  29  48 160 168 169 171 116  25
 140  23  27  28  27  30  27  29  30  50 163 167 173 172 116  25
 139  22  27  28  23  26  26  28  30  37 114 126 126 129  75  20
 140  21  26  29  24  27  29  30  29  23  17  19  21  20  20  28

 167  40  35  36  33  46  48  42  42  43  49  50  54  50  41  52
 110 154 138 141 139 151 164 184 182 173 167 152 138 137  92  44
  52 206 206 212 211 213 213 215 216 218 216 216 216 213 153  45
  51 208 214 216 221 218 217 219 220 221 220 220 221 222 152  45
  49 206 214 216 219 219 219 220 222 223 222 221 222 220 153  44
  69 209 213 205 181 185 187 191 194 197 201 202 203 203 146  46
 188  53  48  46  48  52  52  49  63  65  65  65  66  71  70  54
 194  41  42  41  47  52  55  55  58  57  56  56  56  56  58  56
 198  42  44  43  48  50  53  56  57  56  56  57  55  56  52  52
 193  41  47  45  44  44  48  52  53  54  52  52  53  55  51  50
 193  41  46  47  48  46  46  48  51  54  57  55  56  53  52  50
 197  43  44  44  47  49  51  51  55  54  52  51  50  52  50  52
 198  42  43  40  44  49  51  50  54  53  52  49  47  49  49  52
 196  43  44  39  43  45  47  48  53  53  58  56  53  48  46  47
 195  40  42  40  41  34  39  42  44  45  44  42  41  40  40  40
 195  40  42  40  37  86 158 159 160 162 162 161 159 158 158 160
 137  17  23  25  25  29  29  27  27  28  29  27  29  29  25  38
  78 130 128 127 126 127 132 152 149 138 126 127 126 124  80  27
  34 179 181 182 182 185 185 184 184 185 185 186 188 185 134  26
  37 180 183 184 184 184 184 186 184 185 185 185 188 189 132  26
  39 182 182 183 183 184 184 183 184 184 184 184 185 185 134  25
  52 179 180 175 155 158 161 165 168 171 174 173 175 175 121  28
 165  24  24  25  28  29  33  36  47  50  52  52  53  54  42  34
 169  17  30  30  32  32  34  33  36  36  37  36  36  36  36  36
 167  16  30  30  33  31  33  35  36  36  37  38  36  36  37  35
 169  17  31  32  32  32  34  36  37  38  39  39  39  38  39  35
 170  20  32  31  32  33  33  33  35  37  36  34  36  37  37  34
 168  21  31  30  31  31  34  34  36  36  36  37  37  37  33  34
 168  20  30  29  32  30  32  34  36  35  36  36  35  36  35  36
 168  20  32  29  33  32  32  33  35  34  36  35  34  36  35  34
 168  18  31  29  28  23  28  31  30  31  31  29  29  31  31  30
 167  19  31  29  23  73 145 147 145 145 145 145 143 145 146 146
 129  13  17  20  19  20  21  21  21  21  24  23  25  25  20  28
  71 124 123 122 119 117 120 134 132 124 121 119 116 116  75  20
  32 168 166 170 167 168 167 167 168 168 168 170 171 172 129  20
  34 165 165 164 165 166 166 167 166 167 167 167 169 173 126  21
  33 168 163 163 165 166 166 166 167 168 168 167 168 167 126  19
  42 167 167 159 140 143 146 151 153 157 159 159 160 163 114  17
 146  18  20  21  23  25  28  31  42  44  46  46  48  50  37  23
 150  13  25  23  26  26  28  27  29  29  30  29  29  30  30  29
 151  13  24  23  27  25  26  28  29  29  30  32  29  29  28  30
 150  12  24  21  21  21  23  24  25  27  27  27  27  27  26  29
 149  12  24  22  25  25  25  27  28  30  30  28  30  30  26  27
 150   9  21  22  24  24  25  26  28  28  26  27  27  27  23  24
 151   8  20  22  23  23  26  28  29  28  25  25  25  28  28  29
 150   9  22  21  22  25  26  25  28  27  29  28  26  27  27  26
 150   9  22  22  19  16  21  22  22  23  26  24  24  23  22  21
 150  10  23  23  17  66 138 141 140 141 144 144 142 140 139 140

