  51  70  68  54  47  45  49  49  51  43  41  44  36  33  34 165
  53  74  67  54  45  40  46  51  51  46  43  44  47  43  36 153
  54  76  64  53  45  40  45  50  53  49  46  42  47  45  37 138
  59  79  66  54  49  46  48  51  53  50  49  45  42  41  36 140
  60  74  63  53  48  47  51  51  52  51  49  46  42  40  34 142
  60  74  63  54  48  45  50  50  50  50  48  44  41  40  34 143
  59  70  62  54  51  49  50  52  49  46  44  44  46  41  29 141
  57  71  63  53  50  49  51  51  47  45  43  44  47  42  31 143
  58  76  64  54  49  48  50  49  46  44  43  45  48  46  30 149
  57  78  64  53  51  52  50  51  51  45  46  49  48  41  31 158
  58  72  66  55  51  51  51  51  49  45  45  48  46  41  33 163
  59  71  61  52  48  49  52  50  47  46  41  42  43  43  36 169
  58  76  64  54  47  45  47  48  47  43  44  44  43  44  37 172
  59  74  64  50  46  45  46  48  46  43  42  42  44  46  39 166
  51  66  59  49  44  41  41  40  45  39  38  42  47  45  41 173
 203 208 208 207 204 200 202 205 178 167 122  40  47  46  38 178
  34  53  49  33  29  29  30  31  33  30  29  30  30  29  23 148
  35  55  48  33  28  28  31  33  33  30  29  29  30  28  23 140
  35  57  45  33  29  29  31  33  35  30  29  28  30  26  24 128
  40  59  47  34  31  30  33  33  34  30  28  28  30  27  22 131
  41  54  43  33  29  29  32  31  32  30  27  28  30  26  20 133
  41  55  43  34  29  30  34  33  32  31  28  27  28  26  20 135
  42  52  43  32  29  31  32  35  33  30  28  30  28  26  21 134
  39  53  44  33  29  32  34  34  32  29  28  29  28  26  21 138
  39  57  45  35  30  31  33  31  31  28  28  28  27  26  15 142
  41  61  46  34  29  29  31  30  31  32  28  29  30  28  17 148
  40  55  47  35  30  30  31  31  31  31  29  29  30  28  17 152
  40  53  43  33  29  30  32  34  33  30  29  30  31  28  15 156
  38  59  48  37  29  28  31  34  33  28  29  31  30  28  16 154
  43  58  48  36  33  32  33  35  33  30  29  28  30  28  20 143
  31  43  34  26  23  24  24  22  26  22  20  28  33  28  22 150
 179 181 179 181 181 179 183 183 155 149 101  23  32  29  21 157
  22  40  38  26  22  22  24  24  26  21  21  23  20  18  19 146
  23  42  37  26  22  21  24  27  26  22  21  22  23  18  20 138
  23  44  34  25  22  21  23  26  27  22  21  21  22  18  20 124
  29  47  36  26  22  22  24  25  26  22  20  21  23  18  19 126
  29  41  32  24  20  21  24  23  24  22  19  22  23  17  17 128
  30  42  32  25  20  22  25  24  24  22  20  21  21  18  17 129
  30  39  31  22  21  23  24  26  24  21  20  23  22  20  15 131
  29  40  32  22  22  23  25  25  23  20  20  22  22  20  15 138
  29  45  32  24  22  22  24  23  22  19  19  21  21  20  10 142
  31  50  35  25  22  21  23  22  23  23  20  21  23  20   9 143
  30  42  36  26  24  22  23  23  23  22  20  20  22  20   9 145
  30  40  31  24  22  22  24  25  24  21  20  20  21  20   9 150
  27  44  34  25  21  21  24  26  25  21  22  23  22  21  11 143
  33  47  37  26  25  20  21  24  22  19  19  20  23  22  13 127
  24  34  26  19  17  17  17  16  20  16  14  21  26  21  14 134
 167 168 167 169 168 166 170 171 142 136  91  17  26  22  15 144

 165 153 138 140 142 143 141 143 149 158 163 169 172 166 173 178
  34  36  37  36  34  34  29  31  30  31  33  36  37  39  41  38
  33  43  45  41  40  40  41  42  46  41  41  43  44  46  45  46
  36  47  47  42  42  41  46  47  48  48  46  43  43  44  47  47
  44  44  42  45  46  44  44  44  45  49  48  42  44  42  42  40
  41  43  46  49  49  48  44  43  43  46  45  41  44  42  38 122
  43  46  49  50  51  50  46  45  44  45  45  46  43  43  39 167
  51  51  53  53  52  50  49  47  46  51  49  47  47  46  45 178
  49  51  50  51  51  50  52  51  49  51  51  50  48  48  40 205
  49  46  45  48  51  50  50  51  50  50  51  52  47  46  41 202
  45  40  40  46  47  45  49  49  48  52  51  49  45  45  41 200
  47  45  45  49  48  48  51  50  49  51  51  48  47  46  44 204
  54  54  53  54  53  54  54  53  54  53  55  52  54  50  49 207
  68  67  64  66  63  63  62  63  64  64  66  61  64  64  59 208
  70  74  76  79  74  74  70  71  76  78  72  71  76  74  66 208
  51  53  54  59  60  60  59  57  58  57  58  59  58  59  51 203
 148 140 128 131 133 135 134 138 142 148 152 156 154 143 150 157
  23  23  24  22  20  20  21  21  15  17  17  15  16  20  22  21
  29  28  26  27  26  26  26  26  26  28  28  28  28  28  28  29
  30  30  30  30  30  28  28  28  27  30  30  31  30  30  33  32
  30  29  28  28  28  27  30  29  28  29  29  30  31  28  28  23
  29  29  29  28  27  28  28  28  28  28  29  29  29  29  20 101
  30  30  30  30  30  31  30  29  28  32  31  30  28  30  22 149
  33  33  35  34  32  32  33  32  31  31  31  33  33  33  26 155
  31  33  33  33  31  33  35  34  31  30  31  34  34  35  22 183
  30  31  31  33  32  34  32  34  33  31  31  32  31  33  24 183
  29  28  29  30  29  30  31  32  31  29  30  30  28  32  24 179
  29  28  29  31  29  29  29  29  30  29  30  29  29  33  23 181
  33  33  33  34  33  34  32  33  35  34  35  33  37  36  26 181
  49  48  45  47  43  43  43  44  45  46  47  43  48  48  34 179
  53  55  57  59  54  55  52  53  57  61  55  53  59  58  43 181
  34  35  35  40  41  41  42  39  39  41  40  40  38  43  31 179
 146 138 124 126 128 129 131 138 142 143 145 150 143 127 134 144
  19  20  20  19  17  17  15  15  10   9   9   9  11  13  14  15
  18  18  18  18  17  18  20  20  20  20  20  20  21  22  21  22
  20  23  22  23  23  21  22  22  21  23  22  21  22  23  26  26
  23  22  21  21  22  21  23  22  21  21  20  20  23  20  21  17
  21  21  21  20  19  20  20  20  19  20  20  20  22  19  14  91
  21  22  22  22  22  22  21  20  19  23  22  21  21  19  16 136
  26  26  27  26  24  24  24  23  22  23  23  24  25  22  20 142
  24  27  26  25  23  24  26  25  23  22  23  25  26  24  16 171
  24  24  23  24  24  25  24  25  24  23  23  24  24  21  17 170
  22  21  21  22  21  22  23  23  22  21  22  22  21  20  17 166
  22  22  22  22  20  20  21  22  22  22  24  22  21  25  17 168
  26  26  25  26  24  25  22  22  24  25  26  24  25  26  19 169
  38  37  34  36  32  32  31  32  32  35  36  31  34  37  26 167
  40  42  44  47  41  42  39  40  45  50  42  40  44  47  34 168
  22  23  23  29  29  30  30  29  29  31  30  30  27  33  24 167

 178  38  46  47  40 122 167 178 205 202 200 204 207 208 208 203
 173  41  45  47  42  38  39  45  40  41  41  44  49  59  66  51
 166  39  46  44  42  42  43  46  48  46  45  46  50  64  74  59
 172  37  44  43  44  44  43  47  48  47  45  47  54  64  76  58
 169  36  43  43  42  41  46  47  50  52  49  48  52  61  71  59
 163  33  41  46  48  45  45  49  51  51  51  51  55  66  72  58
 158  31  41  48  49  46  45  51  51  50  52  51  53  64  78  57
 149  30  46  48  45  43  44  46  49  50  48  49  54  64  76  58
 143  31  42  47  44  43  45  47  51  51  49  50  53  63  71  57
 141  29  41  46  44  44  46  49  52  50  49  51  54  62  70  59
 143  34  40  41  44  48  50  50  50  50  45  48  54  63  74  60
 142  34  40  42  46  49  51  52  51  51  47  48  53  63  74  60
 140  36  41  42  45  49  50  53  51  48  46  49  54  66  79  59
 138  37  45  47  42  46  49  53  50  45  40  45  53  64  76  54
 153  36  43  47  44  43  46  51  51  46  40  45  54  67  74  53
 165  34  33  36  44  41  43  51  49  49  45  47  54  68  70  51
 157  21  29  32  23 101 149 155 183 183 179 181 181 179 181 179
 150  22  28  33  28  20  22  26  22  24  24  23  26  34  43  31
 143  20  28  30  28  29  30  33  35  33  32  33  36  48  58  43
 154  16  28  30  31  29  28  33  34  31  28  29  37  48  59  38
 156  15  28  31  30  29  30  33  34  32  30  29  33  43  53  40
 152  17  28  30  29  29  31  31  31  31  30  30  35  47  55  40
 148  17  28  30  29  28  32  31  30  31  29  29  34  46  61  41
 142  15  26  27  28  28  28  31  31  33  31  30  35  45  57  39
 138  21  26  28  29  28  29  32  34  34  32  29  33  44  53  39
 134  21  26  28  30  28  30  33  35  32  31  29  32  43  52  42
 135  20  26  28  27  28  31  32  33  34  30  29  34  43  55  41
 133  20  26  30  28  27  30  32  31  32  29  29  33  43  54  41
 131  22  27  30  28  28  30  34  33  33  30  31  34  47  59  40
 128  24  26  30  28  29  30  35  33  31  29  29  33  45  57  35
 140  23  28  30  29  29  30  33  33  31  28  28  33  48  55  35
 148  23  29  30  30  29  30  33  31  30  29  29  33  49  53  34
 144  15  22  26  17  91 136 142 171 170 166 168 169 167 168 167
 134  14  21  26  21  14  16  20  16  17  17  17  19  26  34  24
 127  13  22  23  20  19  19  22  24  21  20  25  26  37  47  33
 143  11  21  22  23  22  21  25  26  24  21  21  25  34  44  27
 150   9  20  21  20  20  21  24  25  24  22  22  24  31  40  30
 145   9  20  22  20  20  22  23  23  23  22  24  26  36  42  30
 143   9  20  23  21  20  23  23  22  23  21  22  25  35  50  31
 142  10  20  21  21  19  19  22  23  24  22  22  24  32  45  29
 138  15  20  22  22  20  20  23  25  25  23  22  22  32  40  29
 131  15  20  22  23  20  21  24  26  24  23  21  22  31  39  30
 129  17  18  21  21  20  22  24  24  25  22  20  25  32  42  30
 128  17  17  23  22  19  22  24  23  24  21  20  24  32  41  29
 126  19  18  23  21  20  22  26  25  24  22  22  26  36  47  29
 124  20  18  22  21  21  22  27  26  23  21  22  25  34  44  23
 138  20  18  23  22  21  22  26  27  24  21  22  26  37  42  23
 146  19  18  20  23  21  21  26  24  24  22  22  26  38  40  22

 203  51  59  58  59  58  57  58  57  59  60  60  59  54  53  51
 208  66  74  76  71  72  78  76  71  70  74  74  79  76  74  70
 208  59  64  64  61  66  64  64  63  62  63  63  66  64  67  68
 207  49  50  54  52  55  53  54  53  54  54  53  54  53  54  54
 204  44  46  47  48  51  51  49  50  51  48  48  49  45  45  47
 200  41  45  45  49  51  52  48  49  49  45  47  46  40  40  45
 202  41  46  47  52  51  50  50  51  50  50  51  48  45  46  49
 205  40  48  48  50  51  51  49  51  52  50  51  51  50  51  49
 178  45  46  47  47  49  51  46  47  49  50  52  53  53  51  51
 167  39  43  43  46  45  45  44  45  46  50  51  50  49  46  43
 122  38  42  44  41  45  46  43  43  44  48  49  49  46  43  41
  40  42  42  44  42  48  49  45  44  44  44  46  45  42  44  44
  47  47  44  43  43  46  48  48  47  46  41  42  42  47  47  36
  46  45  46  44  43  41  41  46  42  41  40  40  41  45  43  33
  38  41  39  37  36  33  31  30  31  29  34  34  36  37  36  34
 178 173 166 172 169 163 158 149 143 141 143 142 140 138 153 165
 179  31  43  38  40  40  41  39  39  42  41  41  40  35  35  34
 181  43  58  59  53  55  61  57  53  52  55  54  59  57  55  53
 179  34  48  48  43  47  46  45  44  43  43  43  47  45  48  49
 181  26  36  37  33  35  34  35  33  32  34  33  34  33  33  33
 181  23  33  29  29  30  29  30  29  29  29  29  31  29  28  29
 179  24  32  28  30  30  29  31  32  31  30  29  30  29  28  29
 183  24  33  31  32  31  31  33  34  32  34  32  33  31  31  30
 183  22  35  34  34  31  30  31  34  35  33  31  33  33  33  31
 155  26  33  33  33  31  31  31  32  33  32  32  34  35  33  33
 149  22  30  28  30  31  32  28  29  30  31  30  30  30  30  30
 101  20  29  29  29  29  28  28  28  28  28  27  28  29  29  29
  23  28  28  31  30  29  29  28  29  30  27  28  28  28  29  30
  32  33  30  30  31  30  30  27  28  28  28  30  30  30  30  30
  29  28  28  28  28  28  28  26  26  26  26  26  27  26  28  29
  21  22  20  16  15  17  17  15  21  21  20  20  22  24  23  23
 157 150 143 154 156 152 148 142 138 134 135 133 131 128 140 148
 167  24  33  27  30  30  31  29  29  30  30  29  29  23  23  22
 168  34  47  44  40  42  50  45  40  39  42  41  47  44  42  40
 167  26  37  34  31  36  35  32  32  31  32  32  36  34  37  38
 169  19  26  25  24  26  25  24  22  22  25  24  26  25  26  26
 168  17  25  21  22  24  22  22  22  21  20  20  22  22  22  22
 166  17  20  21  22  22  21  22  23  23  22  21  22  21  21  22
 170  17  21  24  24  23  23  24  25  24  25  24  24  23  24  24
 171  16  24  26  25  23  22  23  25  26  24  23  25  26  27  24
 142  20  22  25  24  23  23  22  23  24  24  24  26  27  26  26
 136  16  19  21  21  22  23  19  20  21  22  22  22  22  22  21
  91  14  19  22  20  20  20  19  20  20  20  19  20  21  21  21
  17  21  20  23  20  20  21  21  22  23  21  22  21  21  22  23
  26  26  23  22  21  22  23  21  22  22  21  23  23  22  23  20
  22  21  22  21  20  20  20  20  20  20  18  17  18  18  18  18
  15  14  13  11   9   9   9  10  15  15  17  17  19  20  20  19
 144 134 127 143 150 145 143 142 138 131 129 128 126 124 138 146

