 242 142  53  65  55  81  84  80  66  58  85 221 235 235 238 131
 237 209 151 154 142 144 151 145 148 141 153 131 137 119 129 163
 240 234 234 237 237 235 235 232 229 235 200  47  59  54  52 156
 241 241 237 239 240 239 238 239 241 242 214  53  66  61  49 155
 238 242 238 236 238 238 239 241 243 240 204  52  62  63  48 156
 226 231 229 227 233 232 235 234 233 234 204  46  59  61  50 156
  61  74  55  75  75  70  96  85 101  82  66  48  61  64  49 157
  68  61  52  62  66  72  76  78  77  64  56  57  58  61  53 164
  65  62  62  73  68  71  81  77  73  69  53  49  58  60  47 141
  59  54  58  71  73  70  75  75  71  71  55  50  60  63  52 159
  52  69  77 102 103  87 101  71  95  80  75  83  64  83  87 164
  45 144 230 231 228 232 232 230 228 229 234 231 228 226 225 134
  43 145 231 243 240 241 241 240 240 241 237 235 237 238 235 132
  49 148 230 239 240 241 241 241 241 241 240 237 238 240 238 129
  44 149 230 239 241 241 241 240 240 240 240 235 234 236 232 153
 180 211 234 236 236 239 239 239 238 238 228 152 139 123 128 159
 209 120  32  45  33  51  54  55  47  37  66 206 208 211 209 104
 208 183 127 135 121 122 129 126 135 123 128 128 127 106 118 153
 208 209 207 207 209 209 210 208 208 210 178  31  45  39  27 138
 207 208 209 208 210 209 208 208 208 209 192  24  42  43  30 145
 207 208 208 208 209 208 208 208 208 209 180  31  41  43  30 142
 207 209 203 203 208 207 209 208 207 206 182  27  40  41  35 138
  48  66  53  69  67  63  82  66  81  69  49  27  40  43  31 139
  46  42  45  51  49  54  57  57  55  47  39  39  38  40  33 150
  44  42  39  49  47  51  61  57  51  49  38  39  39  39  32 136
  44  40  41  46  43  45  53  54  50  44  35  36  40  40  33 142
  38  57  59  77  71  60  80  51  75  61  55  60  48  70  59 138
  34 133 209 207 203 211 210 208 205 204 210 209 207 206 205 110
  32 134 209 207 208 208 208 207 207 208 208 208 210 209 211 113
  32 133 208 208 208 208 208 208 208 208 207 207 208 208 210 108
  25 136 208 207 207 208 208 207 207 208 209 209 207 207 209 124
 153 185 208 208 207 208 208 208 207 208 200 133 121 112 122 143
 196 108  27  39  25  39  41  42  36  28  63 198 194 196 195  94
 193 168 121 129 115 114 121 118 126 114 125 125 124 105 120 153
 190 191 192 193 194 194 194 192 196 196 165  25  40  32  22 135
 189 190 190 191 192 191 190 191 192 193 174  15  36  33  23 138
 191 192 191 190 191 190 191 191 191 192 164  23  34  35  23 136
 195 200 194 192 197 193 193 191 193 198 174  20  33  34  28 135
  46  64  53  62  61  57  78  62  77  66  46  22  33  34  23 139
  41  38  40  42  42  47  50  48  46  42  32  32  30  32  25 146
  36  34  31  42  38  41  49  43  37  37  30  32  33  33  24 131
  33  29  31  39  38  37  44  43  38  37  29  29  34  33  21 140
  30  50  53  72  66  53  73  44  66  52  45  53  44  65  59 138
  26 125 195 190 189 195 195 194 191 189 193 195 192 191 193 105
  25 128 191 189 190 191 191 190 190 191 190 191 190 187 192 102
  27 133 196 189 190 191 191 191 191 191 190 192 192 191 193  96
  18 133 196 188 190 191 191 190 190 191 191 195 193 189 193 104
 140 171 191 190 190 191 191 191 190 190 181 125 120 108 118 125

 131 163 156 155 156 156 157 164 141 159 164 134 132 129 153 159
 238 129  52  49  48  50  49  53  47  52  87 225 235 238 232 128
 235 119  54  61  63  61  64  61  60  63  83 226 238 240 236 123
 235 137  59  66  62  59  61  58  58  60  64 228 237 238 234 139
 221 131  47  53  52  46  48  57  49  50  83 231 235 237 235 152
  85 153 200 214 204 204  66  56  53  55  75 234 237 240 240 228
  58 141 235 242 240 234  82  64  69  71  80 229 241 241 240 238
  66 148 229 241 243 233 101  77  73  71  95 228 240 241 240 238
  80 145 232 239 241 234  85  78  77  75  71 230 240 241 240 239
  84 151 235 238 239 235  96  76  81  75 101 232 241 241 241 239
  81 144 235 239 238 232  70  72  71  70  87 232 241 241 241 239
  55 142 237 240 238 233  75  66  68  73 103 228 240 240 241 236
  65 154 237 239 236 227  75  62  73  71 102 231 243 239 239 236
  53 151 234 237 238 229  55  52  62  58  77 230 231 230 230 234
 142 209 234 241 242 231  74  61  62  54  69 144 145 148 149 211
 242 237 240 241 238 226  61  68  65  59  52  45  43  49  44 180
 104 153 138 145 142 138 139 150 136 142 138 110 113 108 124 143
 209 118  27  30  30  35  31  33  32  33  59 205 211 210 209 122
 211 106  39  43  43  41  43  40  39  40  70 206 209 208 207 112
 208 127  45  42  41  40  40  38  39  40  48 207 210 208 207 121
 206 128  31  24  31  27  27  39  39  36  60 209 208 207 209 133
  66 128 178 192 180 182  49  39  38  35  55 210 208 207 209 200
  37 123 210 209 209 206  69  47  49  44  61 204 208 208 208 208
  47 135 208 208 208 207  81  55  51  50  75 205 207 208 207 207
  55 126 208 208 208 208  66  57  57  54  51 208 207 208 207 208
  54 129 210 208 208 209  82  57  61  53  80 210 208 208 208 208
  51 122 209 209 208 207  63  54  51  45  60 211 208 208 208 208
  33 121 209 210 209 208  67  49  47  43  71 203 208 208 207 207
  45 135 207 208 208 203  69  51  49  46  77 207 207 208 207 208
  32 127 207 209 208 203  53  45  39  41  59 209 209 208 208 208
 120 183 209 208 208 209  66  42  42  40  57 133 134 133 136 185
 209 208 208 207 207 207  48  46  44  44  38  34  32  32  25 153
  94 153 135 138 136 135 139 146 131 140 138 105 102  96 104 125
 195 120  22  23  23  28  23  25  24  21  59 193 192 193 193 118
 196 105  32  33  35  34  34  32  33  33  65 191 187 191 189 108
 194 124  40  36  34  33  33  30  33  34  44 192 190 192 193 120
 198 125  25  15  23  20  22  32  32  29  53 195 191 192 195 125
  63 125 165 174 164 174  46  32  30  29  45 193 190 190 191 181
  28 114 196 193 192 198  66  42  37  37  52 189 191 191 191 190
  36 126 196 192 191 193  77  46  37  38  66 191 190 191 190 190
  42 118 192 191 191 191  62  48  43  43  44 194 190 191 190 191
  41 121 194 190 191 193  78  50  49  44  73 195 191 191 191 191
  39 114 194 191 190 193  57  47  41  37  53 195 191 191 191 191
  25 115 194 192 191 197  61  42  38  38  66 189 190 190 190 190
  39 129 193 191 190 192  62  42  42  39  72 190 189 189 188 190
  27 121 192 190 191 194  53  40  31  31  53 195 191 196 196 191
 108 168 191 190 192 200  64  38  34  29  50 125 128 133 133 171
 196 193 190 189 191 195  46  41  36  33  30  26  25  27  18 140

 159 128 123 139 152 228 238 238 239 239 239 236 236 234 211 180
 153 232 236 234 235 240 240 240 240 241 241 241 239 230 149  44
 129 238 240 238 237 240 241 241 241 241 241 240 239 230 148  49
 132 235 238 237 235 237 241 240 240 241 241 240 243 231 145  43
 134 225 226 228 231 234 229 228 230 232 232 228 231 230 144  45
 164  87  83  64  83  75  80  95  71 101  87 103 102  77  69  52
 159  52  63  60  50  55  71  71  75  75  70  73  71  58  54  59
 141  47  60  58  49  53  69  73  77  81  71  68  73  62  62  65
 164  53  61  58  57  56  64  77  78  76  72  66  62  52  61  68
 157  49  64  61  48  66  82 101  85  96  70  75  75  55  74  61
 156  50  61  59  46 204 234 233 234 235 232 233 227 229 231 226
 156  48  63  62  52 204 240 243 241 239 238 238 236 238 242 238
 155  49  61  66  53 214 242 241 239 238 239 240 239 237 241 241
 156  52  54  59  47 200 235 229 232 235 235 237 237 234 234 240
 163 129 119 137 131 153 141 148 145 151 144 142 154 151 209 237
 131 238 235 235 221  85  58  66  80  84  81  55  65  53 142 242
 143 122 112 121 133 200 208 207 208 208 208 207 208 208 185 153
 124 209 207 207 209 209 208 207 207 208 208 207 207 208 136  25
 108 210 208 208 207 207 208 208 208 208 208 208 208 208 133  32
 113 211 209 210 208 208 208 207 207 208 208 208 207 209 134  32
 110 205 206 207 209 210 204 205 208 210 211 203 207 209 133  34
 138  59  70  48  60  55  61  75  51  80  60  71  77  59  57  38
 142  33  40  40  36  35  44  50  54  53  45  43  46  41  40  44
 136  32  39  39  39  38  49  51  57  61  51  47  49  39  42  44
 150  33  40  38  39  39  47  55  57  57  54  49  51  45  42  46
 139  31  43  40  27  49  69  81  66  82  63  67  69  53  66  48
 138  35  41  40  27 182 206 207 208 209 207 208 203 203 209 207
 142  30  43  41  31 180 209 208 208 208 208 209 208 208 208 207
 145  30  43  42  24 192 209 208 208 208 209 210 208 209 208 207
 138  27  39  45  31 178 210 208 208 210 209 209 207 207 209 208
 153 118 106 127 128 128 123 135 126 129 122 121 135 127 183 208
 104 209 211 208 206  66  37  47  55  54  51  33  45  32 120 209
 125 118 108 120 125 181 190 190 191 191 191 190 190 191 171 140
 104 193 189 193 195 191 191 190 190 191 191 190 188 196 133  18
  96 193 191 192 192 190 191 191 191 191 191 190 189 196 133  27
 102 192 187 190 191 190 191 190 190 191 191 190 189 191 128  25
 105 193 191 192 195 193 189 191 194 195 195 189 190 195 125  26
 138  59  65  44  53  45  52  66  44  73  53  66  72  53  50  30
 140  21  33  34  29  29  37  38  43  44  37  38  39  31  29  33
 131  24  33  33  32  30  37  37  43  49  41  38  42  31  34  36
 146  25  32  30  32  32  42  46  48  50  47  42  42  40  38  41
 139  23  34  33  22  46  66  77  62  78  57  61  62  53  64  46
 135  28  34  33  20 174 198 193 191 193 193 197 192 194 200 195
 136  23  35  34  23 164 192 191 191 191 190 191 190 191 192 191
 138  23  33  36  15 174 193 192 191 190 191 192 191 190 190 189
 135  22  32  40  25 165 196 196 192 194 194 194 193 192 191 190
 153 120 105 124 125 125 114 126 118 121 114 115 129 121 168 193
  94 195 196 194 198  63  28  36  42  41  39  25  39  27 108 196

 180  44  49  43  45  52  59  65  68  61 226 238 241 240 237 242
 211 149 148 145 144  69  54  62  61  74 231 242 241 234 209 142
 234 230 230 231 230  77  58  62  52  55 229 238 237 234 151  53
 236 239 239 243 231 102  71  73  62  75 227 236 239 237 154  65
 236 241 240 240 228 103  73  68  66  75 233 238 240 237 142  55
 239 241 241 241 232  87  70  71  72  70 232 238 239 235 144  81
 239 241 241 241 232 101  75  81  76  96 235 239 238 235 151  84
 239 240 241 240 230  71  75  77  78  85 234 241 239 232 145  80
 238 240 241 240 228  95  71  73  77 101 233 243 241 229 148  66
 238 240 241 241 229  80  71  69  64  82 234 240 242 235 141  58
 228 240 240 237 234  75  55  53  56  66 204 204 214 200 153  85
 152 235 237 235 231  83  50  49  57  48  46  52  53  47 131 221
 139 234 238 237 228  64  60  58  58  61  59  62  66  59 137 235
 123 236 240 238 226  83  63  60  61  64  61  63  61  54 119 235
 128 232 238 235 225  87  52  47  53  49  50  48  49  52 129 238
 159 153 129 132 134 164 159 141 164 157 156 156 155 156 163 131
 153  25  32  32  34  38  44  44  46  48 207 207 207 208 208 209
 185 136 133 134 133  57  40  42  42  66 209 208 208 209 183 120
 208 208 208 209 209  59  41  39  45  53 203 208 209 207 127  32
 208 207 208 207 207  77  46  49  51  69 203 208 208 207 135  45
 207 207 208 208 203  71  43  47  49  67 208 209 210 209 121  33
 208 208 208 208 211  60  45  51  54  63 207 208 209 209 122  51
 208 208 208 208 210  80  53  61  57  82 209 208 208 210 129  54
 208 207 208 207 208  51  54  57  57  66 208 208 208 208 126  55
 207 207 208 207 205  75  50  51  55  81 207 208 208 208 135  47
 208 208 208 208 204  61  44  49  47  69 206 209 209 210 123  37
 200 209 207 208 210  55  35  38  39  49 182 180 192 178 128  66
 133 209 207 208 209  60  36  39  39  27  27  31  24  31 128 206
 121 207 208 210 207  48  40  39  38  40  40  41  42  45 127 208
 112 207 208 209 206  70  40  39  40  43  41  43  43  39 106 211
 122 209 210 211 205  59  33  32  33  31  35  30  30  27 118 209
 143 124 108 113 110 138 142 136 150 139 138 142 145 138 153 104
 140  18  27  25  26  30  33  36  41  46 195 191 189 190 193 196
 171 133 133 128 125  50  29  34  38  64 200 192 190 191 168 108
 191 196 196 191 195  53  31  31  40  53 194 191 190 192 121  27
 190 188 189 189 190  72  39  42  42  62 192 190 191 193 129  39
 190 190 190 190 189  66  38  38  42  61 197 191 192 194 115  25
 191 191 191 191 195  53  37  41  47  57 193 190 191 194 114  39
 191 191 191 191 195  73  44  49  50  78 193 191 190 194 121  41
 191 190 191 190 194  44  43  43  48  62 191 191 191 192 118  42
 190 190 191 190 191  66  38  37  46  77 193 191 192 196 126  36
 190 191 191 191 189  52  37  37  42  66 198 192 193 196 114  28
 181 191 190 190 193  45  29  30  32  46 174 164 174 165 125  63
 125 195 192 191 195  53  29  32  32  22  20  23  15  25 125 198
 120 193 192 190 192  44  34  33  30  33  33  34  36  40 124 194
 108 189 191 187 191  65  33  33  32  34  34  35  33  32 105 196
 118 193 193 192 193  59  21  24  25  23  28  23  23  22 120 195
 125 104  96 102 105 138 140 131 146 139 135 136 138 135 153  94

