 241 242 244 241 241 241 241 242 241 236 159  53  50  54  50 212
 182 234 244 237 240 239 239 240 239 238 185  89  82  92 114 170
  46 195 237 239 240 239 239 240 239 240 233 225 224 222 223  96
  52 190 239 240 241 239 238 239 238 239 235 239 241 236 240  78
  41 198 238 242 241 237 237 235 236 237 239 238 243 242 242  78
  54 203 234 241 237 235 235 232 231 232 237 241 242 240 236  90
 182 152 119 122 120 117 115 112 107 104 185 236 238 242 235  99
 237  93  65  60  49  50  55  52  52  43 149 237 239 244 229 106
 240  86  63  61  57  59  63  61  58  46 154 238 237 237 234 106
 240 110  65  63  60  62  61  61  57  45 152 234 242 238 237  84
 209  97  67  65  61  62  61  62  59  51 146 224 225 218 214 114
  67  57  68  64  65  64  65  63  61  53  33  36  44  43  49 192
  70  72  71  69  68  63  62  63  63  57  52  53  49  51  57 191
  68  67  71  70  72  66  63  64  60  62  58  61  54  60  45 207
  57  57  61  68  70  73  67  65  65  66  57  62  52  61  52 207
 109 108 116 119 124 137 133 109 121 119  81  57  55  54  41 203
 209 210 211 210 209 208 209 209 208 209 129  33  33  34  29 195
 167 205 209 211 210 208 209 210 208 210 160  80  80  84  97 149
  31 177 210 210 210 208 208 210 208 210 208 207 206 207 205  66
  35 175 210 212 211 208 208 209 208 211 211 207 209 209 211  59
  23 186 209 211 211 209 208 209 210 211 210 208 209 208 210  56
  32 187 208 208 208 209 209 207 208 209 207 210 209 208 211  71
 158 126  98 101 103 100  98  96  93  90 167 209 208 209 208  73
 209  69  44  40  36  36  37  33  34  25 133 208 206 209 204  68
 212  62  41  41  42  43  44  40  37  28 133 207 209 211 208  59
 211  86  43  42  41  43  45  41  37  31 136 207 208 210 211  57
 188  72  43  43  43  43  45  42  38  36 131 204 202 200 194  96
  58  39  47  44  46  46  48  44  42  37  26  32  37  34  35 175
  46  46  45  44  47  44  45  44  43  41  41  42  38  39  42 172
  44  43  47  45  47  45  46  46  42  42  41  42  37  40  25 183
  36  35  38  45  46  46  48  47  47  42  39  44  40  44  32 187
  89  85  92  96 100 104 104  88  91  97  60  42  43  38  26 184
 190 191 191 193 191 191 191 192 191 191 112  23  23  25  22 188
 159 194 191 193 192 191 191 192 191 192 147  77  78  81  94 146
  27 169 194 194 192 191 191 192 191 191 189 197 201 197 193  62
  29 170 194 193 193 191 191 192 191 192 190 190 189 186 192  47
  18 181 193 192 194 192 192 192 194 193 189 191 191 192 194  52
  27 179 194 191 193 194 194 192 192 193 191 193 191 191 194  61
 153 118  94  97  95  92  91  88  84  81 157 192 191 191 191  60
 191  59  37  34  27  28  30  27  28  19 126 196 196 192 192  51
 194  50  35  34  31  35  37  34  31  23 131 193 192 188 194  41
 193  75  36  36  31  35  37  35  31  24 132 193 191 190 196  50
 178  64  36  37  34  35  35  34  31  30 127 198 197 194 186  92
  51  33  39  36  37  37  38  33  33  30  20  29  37  34  33 171
  39  38  37  34  37  36  35  33  34  34  33  35  34  35  36 165
  35  34  37  35  36  37  36  35  33  36  33  34  30  34  21 172
  27  26  29  36  36  38  38  36  36  35  32  34  32  32  24 182
  86  83  91  95  99  98  94  76  79  82  49  34  35  27  19 180

 212 170  96  78  78  90  99 106 106  84 114 192 191 207 207 203
  50 114 223 240 242 236 235 229 234 237 214  49  57  45  52  41
  54  92 222 236 242 240 242 244 237 238 218  43  51  60  61  54
  50  82 224 241 243 242 238 239 237 242 225  44  49  54  52  55
  53  89 225 239 238 241 236 237 238 234 224  36  53  61  62  57
 159 185 233 235 239 237 185 149 154 152 146  33  52  58  57  81
 236 238 240 239 237 232 104  43  46  45  51  53  57  62  66 119
 241 239 239 238 236 231 107  52  58  57  59  61  63  60  65 121
 242 240 240 239 235 232 112  52  61  61  62  63  63  64  65 109
 241 239 239 238 237 235 115  55  63  61  61  65  62  63  67 133
 241 239 239 239 237 235 117  50  59  62  62  64  63  66  73 137
 241 240 240 241 241 237 120  49  57  60  61  65  68  72  70 124
 241 237 239 240 242 241 122  60  61  63  65  64  69  70  68 119
 244 244 237 239 238 234 119  65  63  65  67  68  71  71  61 116
 242 234 195 190 198 203 152  93  86 110  97  57  72  67  57 108
 241 182  46  52  41  54 182 237 240 240 209  67  70  68  57 109
 195 149  66  59  56  71  73  68  59  57  96 175 172 183 187 184
  29  97 205 211 210 211 208 204 208 211 194  35  42  25  32  26
  34  84 207 209 208 208 209 209 211 210 200  34  39  40  44  38
  33  80 206 209 209 209 208 206 209 208 202  37  38  37  40  43
  33  80 207 207 208 210 209 208 207 207 204  32  42  42  44  42
 129 160 208 211 210 207 167 133 133 136 131  26  41  41  39  60
 209 210 210 211 211 209  90  25  28  31  36  37  41  42  42  97
 208 208 208 208 210 208  93  34  37  37  38  42  43  42  47  91
 209 210 210 209 209 207  96  33  40  41  42  44  44  46  47  88
 209 209 208 208 208 209  98  37  44  45  45  48  45  46  48 104
 208 208 208 208 209 209 100  36  43  43  43  46  44  45  46 104
 209 210 210 211 211 208 103  36  42  41  43  46  47  47  46 100
 210 211 210 212 211 208 101  40  41  42  43  44  44  45  45  96
 211 209 210 210 209 208  98  44  41  43  43  47  45  47  38  92
 210 205 177 175 186 187 126  69  62  86  72  39  46  43  35  85
 209 167  31  35  23  32 158 209 212 211 188  58  46  44  36  89
 188 146  62  47  52  61  60  51  41  50  92 171 165 172 182 180
  22  94 193 192 194 194 191 192 194 196 186  33  36  21  24  19
  25  81 197 186 192 191 191 192 188 190 194  34  35  34  32  27
  23  78 201 189 191 191 191 196 192 191 197  37  34  30  32  35
  23  77 197 190 191 193 192 196 193 193 198  29  35  34  34  34
 112 147 189 190 189 191 157 126 131 132 127  20  33  33  32  49
 191 192 191 192 193 193  81  19  23  24  30  30  34  36  35  82
 191 191 191 191 194 192  84  28  31  31  31  33  34  33  36  79
 192 192 192 192 192 192  88  27  34  35  34  33  33  35  36  76
 191 191 191 191 192 194  91  30  37  37  35  38  35  36  38  94
 191 191 191 191 192 194  92  28  35  35  35  37  36  37  38  98
 191 192 192 193 194 193  95  27  31  31  34  37  37  36  36  99
 193 193 194 193 192 191  97  34  34  36  37  36  34  35  36  95
 191 191 194 194 193 194  94  37  35  36  36  39  37  37  29  91
 191 194 169 170 181 179 118  59  50  75  64  33  38  34  26  83
 190 159  27  29  18  27 153 191 194 193 178  51  39  35  27  86

 203  41  54  55  57  81 119 121 109 133 137 124 119 116 108 109
 207  52  61  52  62  57  66  65  65  67  73  70  68  61  57  57
 207  45  60  54  61  58  62  60  64  63  66  72  70  71  67  68
 191  57  51  49  53  52  57  63  63  62  63  68  69  71  72  70
 192  49  43  44  36  33  53  61  63  65  64  65  64  68  57  67
 114 214 218 225 224 146  51  59  62  61  62  61  65  67  97 209
  84 237 238 242 234 152  45  57  61  61  62  60  63  65 110 240
 106 234 237 237 238 154  46  58  61  63  59  57  61  63  86 240
 106 229 244 239 237 149  43  52  52  55  50  49  60  65  93 237
  99 235 242 238 236 185 104 107 112 115 117 120 122 119 152 182
  90 236 240 242 241 237 232 231 232 235 235 237 241 234 203  54
  78 242 242 243 238 239 237 236 235 237 237 241 242 238 198  41
  78 240 236 241 239 235 239 238 239 238 239 241 240 239 190  52
  96 223 222 224 225 233 240 239 240 239 239 240 239 237 195  46
 170 114  92  82  89 185 238 239 240 239 239 240 237 244 234 182
 212  50  54  50  53 159 236 241 242 241 241 241 241 244 242 241
 184  26  38  43  42  60  97  91  88 104 104 100  96  92  85  89
 187  32  44  40  44  39  42  47  47  48  46  46  45  38  35  36
 183  25  40  37  42  41  42  42  46  46  45  47  45  47  43  44
 172  42  39  38  42  41  41  43  44  45  44  47  44  45  46  46
 175  35  34  37  32  26  37  42  44  48  46  46  44  47  39  58
  96 194 200 202 204 131  36  38  42  45  43  43  43  43  72 188
  57 211 210 208 207 136  31  37  41  45  43  41  42  43  86 211
  59 208 211 209 207 133  28  37  40  44  43  42  41  41  62 212
  68 204 209 206 208 133  25  34  33  37  36  36  40  44  69 209
  73 208 209 208 209 167  90  93  96  98 100 103 101  98 126 158
  71 211 208 209 210 207 209 208 207 209 209 208 208 208 187  32
  56 210 208 209 208 210 211 210 209 208 209 211 211 209 186  23
  59 211 209 209 207 211 211 208 209 208 208 211 212 210 175  35
  66 205 207 206 207 208 210 208 210 208 208 210 210 210 177  31
 149  97  84  80  80 160 210 208 210 209 208 210 211 209 205 167
 195  29  34  33  33 129 209 208 209 209 208 209 210 211 210 209
 180  19  27  35  34  49  82  79  76  94  98  99  95  91  83  86
 182  24  32  32  34  32  35  36  36  38  38  36  36  29  26  27
 172  21  34  30  34  33  36  33  35  36  37  36  35  37  34  35
 165  36  35  34  35  33  34  34  33  35  36  37  34  37  38  39
 171  33  34  37  29  20  30  33  33  38  37  37  36  39  33  51
  92 186 194 197 198 127  30  31  34  35  35  34  37  36  64 178
  50 196 190 191 193 132  24  31  35  37  35  31  36  36  75 193
  41 194 188 192 193 131  23  31  34  37  35  31  34  35  50 194
  51 192 192 196 196 126  19  28  27  30  28  27  34  37  59 191
  60 191 191 191 192 157  81  84  88  91  92  95  97  94 118 153
  61 194 191 191 193 191 193 192 192 194 194 193 191 194 179  27
  52 194 192 191 191 189 193 194 192 192 192 194 192 193 181  18
  47 192 186 189 190 190 192 191 192 191 191 193 193 194 170  29
  62 193 197 201 197 189 191 191 192 191 191 192 194 194 169  27
 146  94  81  78  77 147 192 191 192 191 191 192 193 191 194 159
 188  22  25  23  23 112 191 191 192 191 191 191 193 191 191 190

 109  57  68  70  67 209 240 240 237 182  54  41  52  46 182 241
 108  57  67  72  57  97 110  86  93 152 203 198 190 195 234 242
 116  61  71  71  68  67  65  63  65 119 234 238 239 237 244 244
 119  68  70  69  64  65  63  61  60 122 241 242 240 239 237 241
 124  70  72  68  65  61  60  57  49 120 237 241 241 240 240 241
 137  73  66  63  64  62  62  59  50 117 235 237 239 239 239 241
 133  67  63  62  65  61  61  63  55 115 235 237 238 239 239 241
 109  65  64  63  63  62  61  61  52 112 232 235 239 240 240 242
 121  65  60  63  61  59  57  58  52 107 231 236 238 239 239 241
 119  66  62  57  53  51  45  46  43 104 232 237 239 240 238 236
  81  57  58  52  33 146 152 154 149 185 237 239 235 233 185 159
  57  62  61  53  36 224 234 238 237 236 241 238 239 225  89  53
  55  52  54  49  44 225 242 237 239 238 242 243 241 224  82  50
  54  61  60  51  43 218 238 237 244 242 240 242 236 222  92  54
  41  52  45  57  49 214 237 234 229 235 236 242 240 223 114  50
 203 207 207 191 192 114  84 106 106  99  90  78  78  96 170 212
  89  36  44  46  58 188 211 212 209 158  32  23  35  31 167 209
  85  35  43  46  39  72  86  62  69 126 187 186 175 177 205 210
  92  38  47  45  47  43  43  41  44  98 208 209 210 210 209 211
  96  45  45  44  44  43  42  41  40 101 208 211 212 210 211 210
 100  46  47  47  46  43  41  42  36 103 208 211 211 210 210 209
 104  46  45  44  46  43  43  43  36 100 209 209 208 208 208 208
 104  48  46  45  48  45  45  44  37  98 209 208 208 208 209 209
  88  47  46  44  44  42  41  40  33  96 207 209 209 210 210 209
  91  47  42  43  42  38  37  37  34  93 208 210 208 208 208 208
  97  42  42  41  37  36  31  28  25  90 209 211 211 210 210 209
  60  39  41  41  26 131 136 133 133 167 207 210 211 208 160 129
  42  44  42  42  32 204 207 207 208 209 210 208 207 207  80  33
  43  40  37  38  37 202 208 209 206 208 209 209 209 206  80  33
  38  44  40  39  34 200 210 211 209 209 208 208 209 207  84  34
  26  32  25  42  35 194 211 208 204 208 211 210 211 205  97  29
 184 187 183 172 175  96  57  59  68  73  71  56  59  66 149 195
  86  27  35  39  51 178 193 194 191 153  27  18  29  27 159 190
  83  26  34  38  33  64  75  50  59 118 179 181 170 169 194 191
  91  29  37  37  39  36  36  35  37  94 194 193 194 194 191 191
  95  36  35  34  36  37  36  34  34  97 191 192 193 194 193 193
  99  36  36  37  37  34  31  31  27  95 193 194 193 192 192 191
  98  38  37  36  37  35  35  35  28  92 194 192 191 191 191 191
  94  38  36  35  38  35  37  37  30  91 194 192 191 191 191 191
  76  36  35  33  33  34  35  34  27  88 192 192 192 192 192 192
  79  36  33  34  33  31  31  31  28  84 192 194 191 191 191 191
  82  35  36  34  30  30  24  23  19  81 193 193 192 191 192 191
  49  32  33  33  20 127 132 131 126 157 191 189 190 189 147 112
  34  34  34  35  29 198 193 193 196 192 193 191 190 197  77  23
  35  32  30  34  37 197 191 192 196 191 191 191 189 201  78  23
  27  32  34  35  34 194 190 188 192 191 191 192 186 197  81  25
  19  24  21  36  33 186 196 194 192 191 194 194 192 193  94  22
 180 182 172 165 171  92  50  41  51  60  61  52  47  62 146 188

