  63  58  61  61  60  58  59  59  59  54  53  57  55  52  41 147
  62  60  59  58  59  61  63  63  59  55  56  56  57  54  48 145
  58  57  59  57  57  60  63  65  62  58  57  57  61  57  38 163
  55  57  56  63  58  59  66  64  62  58  57  56  60  58  47 152
  56  57  59  61  61  60  62  61  61  60  59  58  62  57  44 152
  49  42  58  58  63  71  71  71  81  81  81  81  50  43  50 157
  46 124 208 213 216 217 219 220 223 223 224 223 223 222 228 126
  48 129 236 239 242 240 238 234 236 236 239 240 239 235 238 111
  48 145 234 239 242 240 239 238 240 239 240 240 239 241 242 129
  43 138 235 238 242 241 241 239 241 242 240 234 234 236 236 116
 123 200 238 240 240 240 241 241 242 241 226 157 146 149 149 152
 228 232 238 240 241 240 241 244 240 238 188  52  46  44  40 173
 243 243 240 239 240 240 240 241 241 238 194  58  62  56  48 185
 238 240 240 238 238 238 237 237 236 240 193  47  61  48  47 171
 235 233 236 236 236 235 235 232 243 233 185  53  59  54  42 170
  95  90  85  81  78  71  70  80 113 104  86  51  57  54  47 169
  42  39  42  41  41  40  41  39  41  39  40  41  38  35  29 139
  43  42  41  40  40  41  43  42  40  38  40  40  38  37  36 136
  41  42  42  39  39  43  44  44  42  38  39  38  41  41  25 152
  39  42  37  42  41  44  48  45  43  39  38  37  40  43  31 138
  41  40  40  42  42  42  44  42  40  39  37  35  38  40  31 143
  36  29  47  52  54  59  63  63  67  67  68  69  40  33  36 146
  35 110 193 198 200 200 203 205 208 208 209 207 206 205 206 104
  29 106 211 212 212 210 210 210 210 208 210 210 208 208 209  83
  27 120 207 211 212 209 210 210 211 210 211 211 209 211 210 103
  26 122 206 209 211 208 210 209 209 209 208 209 209 209 210  95
 115 182 207 210 210 210 211 211 210 209 195 145 133 130 130 131
 210 212 209 210 211 210 211 213 212 213 173  26  31  29  22 159
 209 210 209 208 210 210 210 211 211 209 176  29  39  39  28 172
 213 209 209 211 210 212 211 212 211 208 171  25  41  38  36 163
 210 208 209 209 209 210 210 209 210 210 158  32  39  38  32 159
  80  76  73  70  68  62  61  72 104 101  64  30  39  42  33 156
  32  30  34  33  33  32  32  31  32  30  31  32  30  28  22 134
  33  33  33  31  32  33  35  34  31  30  31  31  29  31  29 131
  33  34  34  31  31  34  36  36  33  30  30  31  33  32  18 146
  33  34  30  35  32  34  37  34  32  29  30  30  34  31  27 132
  34  33  33  35  33  32  34  31  31  31  30  28  32  33  27 136
  29  25  47  50  52  56  60  58  60  62  64  65  36  29  32 140
  28 105 190 191 192 194 196 194 195 196 196 195 195 194 196  98
  23  98 197 193 193 192 193 193 192 192 193 193 192 191 194  75
  22 116 195 193 192 192 192 191 191 190 190 190 189 191 192  89
  21 116 194 192 192 192 193 192 193 192 191 193 193 194 197  85
 111 175 190 192 192 192 193 193 195 193 181 134 128 129 129 133
 197 196 192 192 193 192 193 195 190 194 155  17  25  24  17 157
 192 192 191 191 192 192 192 193 194 194 163  22  30  29  23 168
 192 192 190 189 188 190 190 190 192 193 158  17  35  31  32 159
 194 195 195 195 195 196 196 195 197 196 147  24  34  33  27 156
  78  75  72  69  67  61  60  70 102  97  60  24  27  27  27 152

 147 145 163 152 152 157 126 111 129 116 152 173 185 171 170 169
  41  48  38  47  44  50 228 238 242 236 149  40  48  47  42  47
  52  54  57  58  57  43 222 235 241 236 149  44  56  48  54  54
  55  57  61  60  62  50 223 239 239 234 146  46  62  61  59  57
  57  56  57  56  58  81 223 240 240 234 157  52  58  47  53  51
  53  56  57  57  59  81 224 239 240 240 226 188 194 193 185  86
  54  55  58  58  60  81 223 236 239 242 241 238 238 240 233 104
  59  59  62  62  61  81 223 236 240 241 242 240 241 236 243 113
  59  63  65  64  61  71 220 234 238 239 241 244 241 237 232  80
  59  63  63  66  62  71 219 238 239 241 241 241 240 237 235  70
  58  61  60  59  60  71 217 240 240 241 240 240 240 238 235  71
  60  59  57  58  61  63 216 242 242 242 240 241 240 238 236  78
  61  58  57  63  61  58 213 239 239 238 240 240 239 238 236  81
  61  59  59  56  59  58 208 236 234 235 238 238 240 240 236  85
  58  60  57  57  57  42 124 129 145 138 200 232 243 240 233  90
  63  62  58  55  56  49  46  48  48  43 123 228 243 238 235  95
 139 136 152 138 143 146 104  83 103  95 131 159 172 163 159 156
  29  36  25  31  31  36 206 209 210 210 130  22  28  36  32  33
  35  37  41  43  40  33 205 208 211 209 130  29  39  38  38  42
  38  38  41  40  38  40 206 208 209 209 133  31  39  41  39  39
  41  40  38  37  35  69 207 210 211 209 145  26  29  25  32  30
  40  40  39  38  37  68 209 210 211 208 195 173 176 171 158  64
  39  38  38  39  39  67 208 208 210 209 209 213 209 208 210 101
  41  40  42  43  40  67 208 210 211 209 210 212 211 211 210 104
  39  42  44  45  42  63 205 210 210 209 211 213 211 212 209  72
  41  43  44  48  44  63 203 210 210 210 211 211 210 211 210  61
  40  41  43  44  42  59 200 210 209 208 210 210 210 212 210  62
  41  40  39  41  42  54 200 212 212 211 210 211 210 210 209  68
  41  40  39  42  42  52 198 212 211 209 210 210 208 211 209  70
  42  41  42  37  40  47 193 211 207 206 207 209 209 209 209  73
  39  42  42  42  40  29 110 106 120 122 182 212 210 209 208  76
  42  43  41  39  41  36  35  29  27  26 115 210 209 213 210  80
 134 131 146 132 136 140  98  75  89  85 133 157 168 159 156 152
  22  29  18  27  27  32 196 194 192 197 129  17  23  32  27  27
  28  31  32  31  33  29 194 191 191 194 129  24  29  31  33  27
  30  29  33  34  32  36 195 192 189 193 128  25  30  35  34  27
  32  31  31  30  28  65 195 193 190 193 134  17  22  17  24  24
  31  31  30  30  30  64 196 193 190 191 181 155 163 158 147  60
  30  30  30  29  31  62 196 192 190 192 193 194 194 193 196  97
  32  31  33  32  31  60 195 192 191 193 195 190 194 192 197 102
  31  34  36  34  31  58 194 193 191 192 193 195 193 190 195  70
  32  35  36  37  34  60 196 193 192 193 193 193 192 190 196  60
  32  33  34  34  32  56 194 192 192 192 192 192 192 190 196  61
  33  32  31  32  33  52 192 193 192 192 192 193 192 188 195  67
  33  31  31  35  35  50 191 193 193 192 192 192 191 189 195  69
  34  33  34  30  33  47 190 197 195 194 190 192 191 190 195  72
  30  33  34  34  33  25 105  98 116 116 175 196 192 192 195  75
  32  33  33  33  34  29  28  23  22  21 111 197 192 192 194  78

 169  47  54  57  51  86 104 113  80  70  71  78  81  85  90  95
 170  42  54  59  53 185 233 243 232 235 235 236 236 236 233 235
 171  47  48  61  47 193 240 236 237 237 238 238 238 240 240 238
 185  48  56  62  58 194 238 241 241 240 240 240 239 240 243 243
 173  40  44  46  52 188 238 240 244 241 240 241 240 238 232 228
 152 149 149 146 157 226 241 242 241 241 240 240 240 238 200 123
 116 236 236 234 234 240 242 241 239 241 241 242 238 235 138  43
 129 242 241 239 240 240 239 240 238 239 240 242 239 234 145  48
 111 238 235 239 240 239 236 236 234 238 240 242 239 236 129  48
 126 228 222 223 223 224 223 223 220 219 217 216 213 208 124  46
 157  50  43  50  81  81  81  81  71  71  71  63  58  58  42  49
 152  44  57  62  58  59  60  61  61  62  60  61  61  59  57  56
 152  47  58  60  56  57  58  62  64  66  59  58  63  56  57  55
 163  38  57  61  57  57  58  62  65  63  60  57  57  59  57  58
 145  48  54  57  56  56  55  59  63  63  61  59  58  59  60  62
 147  41  52  55  57  53  54  59  59  59  58  60  61  61  58  63
 156  33  42  39  30  64 101 104  72  61  62  68  70  73  76  80
 159  32  38  39  32 158 210 210 209 210 210 209 209 209 208 210
 163  36  38  41  25 171 208 211 212 211 212 210 211 209 209 213
 172  28  39  39  29 176 209 211 211 210 210 210 208 209 210 209
 159  22  29  31  26 173 213 212 213 211 210 211 210 209 212 210
 131 130 130 133 145 195 209 210 211 211 210 210 210 207 182 115
  95 210 209 209 209 208 209 209 209 210 208 211 209 206 122  26
 103 210 211 209 211 211 210 211 210 210 209 212 211 207 120  27
  83 209 208 208 210 210 208 210 210 210 210 212 212 211 106  29
 104 206 205 206 207 209 208 208 205 203 200 200 198 193 110  35
 146  36  33  40  69  68  67  67  63  63  59  54  52  47  29  36
 143  31  40  38  35  37  39  40  42  44  42  42  42  40  40  41
 138  31  43  40  37  38  39  43  45  48  44  41  42  37  42  39
 152  25  41  41  38  39  38  42  44  44  43  39  39  42  42  41
 136  36  37  38  40  40  38  40  42  43  41  40  40  41  42  43
 139  29  35  38  41  40  39  41  39  41  40  41  41  42  39  42
 152  27  27  27  24  60  97 102  70  60  61  67  69  72  75  78
 156  27  33  34  24 147 196 197 195 196 196 195 195 195 195 194
 159  32  31  35  17 158 193 192 190 190 190 188 189 190 192 192
 168  23  29  30  22 163 194 194 193 192 192 192 191 191 192 192
 157  17  24  25  17 155 194 190 195 193 192 193 192 192 196 197
 133 129 129 128 134 181 193 195 193 193 192 192 192 190 175 111
  85 197 194 193 193 191 192 193 192 193 192 192 192 194 116  21
  89 192 191 189 190 190 190 191 191 192 192 192 193 195 116  22
  75 194 191 192 193 193 192 192 193 193 192 193 193 197  98  23
  98 196 194 195 195 196 196 195 194 196 194 192 191 190 105  28
 140  32  29  36  65  64  62  60  58  60  56  52  50  47  25  29
 136  27  33  32  28  30  31  31  31  34  32  33  35  33  33  34
 132  27  31  34  30  30  29  32  34  37  34  32  35  30  34  33
 146  18  32  33  31  30  30  33  36  36  34  31  31  34  34  33
 131  29  31  29  31  31  30  31  34  35  33  32  31  33  33  33
 134  22  28  30  32  31  30  32  31  32  32  33  33  34  30  32

  95 235 238 243 228 123  43  48  48  46  49  56  55  58  62  63
  90 233 240 243 232 200 138 145 129 124  42  57  57  57  60  58
  85 236 240 240 238 238 235 234 236 208  58  59  56  59  59  61
  81 236 238 239 240 240 238 239 239 213  58  61  63  57  58  61
  78 236 238 240 241 240 242 242 242 216  63  61  58  57  59  60
  71 235 238 240 240 240 241 240 240 217  71  60  59  60  61  58
  70 235 237 240 241 241 241 239 238 219  71  62  66  63  63  59
  80 232 237 241 244 241 239 238 234 220  71  61  64  65  63  59
 113 243 236 241 240 242 241 240 236 223  81  61  62  62  59  59
 104 233 240 238 238 241 242 239 236 223  81  60  58  58  55  54
  86 185 193 194 188 226 240 240 239 224  81  59  57  57  56  53
  51  53  47  58  52 157 234 240 240 223  81  58  56  57  56  57
  57  59  61  62  46 146 234 239 239 223  50  62  60  61  57  55
  54  54  48  56  44 149 236 241 235 222  43  57  58  57  54  52
  47  42  47  48  40 149 236 242 238 228  50  44  47  38  48  41
 169 170 171 185 173 152 116 129 111 126 157 152 152 163 145 147
  80 210 213 209 210 115  26  27  29  35  36  41  39  41  43  42
  76 208 209 210 212 182 122 120 106 110  29  40  42  42  42  39
  73 209 209 209 209 207 206 207 211 193  47  40  37  42  41  42
  70 209 211 208 210 210 209 211 212 198  52  42  42  39  40  41
  68 209 210 210 211 210 211 212 212 200  54  42  41  39  40  41
  62 210 212 210 210 210 208 209 210 200  59  42  44  43  41  40
  61 210 211 210 211 211 210 210 210 203  63  44  48  44  43  41
  72 209 212 211 213 211 209 210 210 205  63  42  45  44  42  39
 104 210 211 211 212 210 209 211 210 208  67  40  43  42  40  41
 101 210 208 209 213 209 209 210 208 208  67  39  39  38  38  39
  64 158 171 176 173 195 208 211 210 209  68  37  38  39  40  40
  30  32  25  29  26 145 209 211 210 207  69  35  37  38  40  41
  39  39  41  39  31 133 209 209 208 206  40  38  40  41  38  38
  42  38  38  39  29 130 209 211 208 205  33  40  43  41  37  35
  33  32  36  28  22 130 210 210 209 206  36  31  31  25  36  29
 156 159 163 172 159 131  95 103  83 104 146 143 138 152 136 139
  78 194 192 192 197 111  21  22  23  28  29  34  33  33  33  32
  75 195 192 192 196 175 116 116  98 105  25  33  34  34  33  30
  72 195 190 191 192 190 194 195 197 190  47  33  30  34  33  34
  69 195 189 191 192 192 192 193 193 191  50  35  35  31  31  33
  67 195 188 192 193 192 192 192 193 192  52  33  32  31  32  33
  61 196 190 192 192 192 192 192 192 194  56  32  34  34  33  32
  60 196 190 192 193 193 193 192 193 196  60  34  37  36  35  32
  70 195 190 193 195 193 192 191 193 194  58  31  34  36  34  31
 102 197 192 194 190 195 193 191 192 195  60  31  32  33  31  32
  97 196 193 194 194 193 192 190 192 196  62  31  29  30  30  30
  60 147 158 163 155 181 191 190 193 196  64  30  30  30  31  31
  24  24  17  22  17 134 193 190 193 195  65  28  30  31  31  32
  27  34  35  30  25 128 193 189 192 195  36  32  34  33  29  30
  27  33  31  29  24 129 194 191 191 194  29  33  31  32  31  28
  27  27  32  23  17 129 197 192 194 196  32  27  27  18  29  22
 152 156 159 168 157 133  85  89  75  98 140 136 132 146 131 134

