  86  53  57  58  57  61  60  58  55  56  51  69  71  64  70 156
 231 122  56  53  56  58  56  57  56  54  87 196 202 193 199 130
 239 128  58  57  57  55  56  57  57  55  88 223 234 230 235 134
 236 123  61  59  59  58  59  56  54  54  81 226 236 237 240 124
 229 137  63  61  58  58  62  58  55  53  82 226 229 235 237 116
 111  61  63  59  56  60  62  60  58  58  79 184 192 206 206 137
  49  54  61  58  59  62  61  61  57  57  42  45  45  50  34 173
  61  62  61  62  62  63  63  63  58  58  52  57  58  60  51 153
  63  63  59  62  63  62  64  62  59  55  57  57  55  55  46 152
  71  66  61  59  56  55  51  54  47  45  46  59  54  57  46 154
 201 196 192 188 181 174 170 170 164 161 131  59  57  56  53 162
 234 234 237 238 235 232 232 231 233 234 181  59  63  59  47 181
 239 239 239 239 239 240 240 236 240 237 188  54  57  58  49 189
 240 240 240 239 239 240 242 237 240 237 180  56  52  51  44 182
 240 241 240 239 239 240 242 235 238 239 167  58  54  55  47 160
 238 238 237 237 238 239 237 238 239 235 180  52  55  56  47 171
  76  41  40  38  37  41  40  38  36  37  36  54  49  47  48 141
 206 106  33  40  39  41  38  37  36  34  75 186 183 181 183 117
 209 105  34  43  40  38  39  37  37  35  72 206 205 207 210 117
 209  94  41  39  39  38  39  39  37  37  75 205 208 206 211 107
 204 108  43  41  38  37  42  40  37  36  77 205 206 205 208  97
 102  47  44  44  37  39  42  40  38  37  69 166 173 179 185 117
  39  41  44  42  42  43  42  43  38  37  25  20  19  20  14 156
  45  45  40  43  43  43  44  44  39  38  39  41  38  38  34 147
  47  47  46  45  44  42  44  44  41  39  41  39  39  36  31 148
  48  47  45  45  42  42  38  40  34  31  31  38  40  37  26 142
 180 179 177 175 174 170 162 158 148 141 107  31  40  39  33 150
 208 208 206 207 208 205 203 204 203 204 153  34  41  38  27 155
 208 208 208 208 208 208 207 208 208 207 167  28  38  39  32 157
 210 210 210 208 208 208 208 208 208 206 159  30  38  41  31 157
 210 211 210 208 209 208 208 206 206 207 144  31  33  36  28 145
 210 210 209 209 210 210 209 208 207 205 155  33  35  35  30 157
  69  34  34  32  29  32  31  30  28  28  23  43  41  40  42 135
 189 106  27  31  31  32  29  29  28  26  68 178 179 175 169 111
 190  99  27  34  31  29  30  29  29  27  70 197 193 194 192 111
 192  81  30  33  31  30  30  30  29  29  74 194 187 189 193 101
 189  90  29  33  30  30  34  31  29  28  76 196 190 191 191  88
  95  40  34  32  29  33  34  32  31  32  67 163 166 170 175 108
  35  35  37  34  35  36  34  33  30  31  23  18  15  17  10 153
  37  37  34  35  37  36  33  32  29  31  29  31  29  30  30 144
  35  35  34  34  35  34  36  35  32  30  32  30  30  30  26 145
  41  39  37  36  34  34  30  32  26  24  22  31  30  32  21 139
 172 170 168 166 164 162 155 151 143 136  99  26  29  33  26 146
 192 192 191 192 192 191 190 190 188 191 143  30  33  32  19 145
 191 191 191 191 191 191 189 189 188 190 155  22  31  32  25 143
 192 192 192 191 191 191 191 190 188 190 145  18  30  31  27 153
 192 193 192 191 191 191 191 188 187 190 131  23  33  28  19 144
 192 192 191 191 192 190 191 191 188 189 144  28  30  30  25 154

 156 130 134 124 116 137 173 153 152 154 162 181 189 182 160 171
  70 199 235 240 237 206  34  51  46  46  53  47  49  44  47  47
  64 193 230 237 235 206  50  60  55  57  56  59  58  51  55  56
  71 202 234 236 229 192  45  58  55  54  57  63  57  52  54  55
  69 196 223 226 226 184  45  57  57  59  59  59  54  56  58  52
  51  87  88  81  82  79  42  52  57  46 131 181 188 180 167 180
  56  54  55  54  53  58  57  58  55  45 161 234 237 237 239 235
  55  56  57  54  55  58  57  58  59  47 164 233 240 240 238 239
  58  57  57  56  58  60  61  63  62  54 170 231 236 237 235 238
  60  56  56  59  62  62  61  63  64  51 170 232 240 242 242 237
  61  58  55  58  58  60  62  63  62  55 174 232 240 240 240 239
  57  56  57  59  58  56  59  62  63  56 181 235 239 239 239 238
  58  53  57  59  61  59  58  62  62  59 188 238 239 239 239 237
  57  56  58  61  63  63  61  61  59  61 192 237 239 240 240 237
  53 122 128 123 137  61  54  62  63  66 196 234 239 240 241 238
  86 231 239 236 229 111  49  61  63  71 201 234 239 240 240 238
 141 117 117 107  97 117 156 147 148 142 150 155 157 157 145 157
  48 183 210 211 208 185  14  34  31  26  33  27  32  31  28  30
  47 181 207 206 205 179  20  38  36  37  39  38  39  41  36  35
  49 183 205 208 206 173  19  38  39  40  40  41  38  38  33  35
  54 186 206 205 205 166  20  41  39  38  31  34  28  30  31  33
  36  75  72  75  77  69  25  39  41  31 107 153 167 159 144 155
  37  34  35  37  36  37  37  38  39  31 141 204 207 206 207 205
  36  36  37  37  37  38  38  39  41  34 148 203 208 208 206 207
  38  37  37  39  40  40  43  44  44  40 158 204 208 208 206 208
  40  38  39  39  42  42  42  44  44  38 162 203 207 208 208 209
  41  41  38  38  37  39  43  43  42  42 170 205 208 208 208 210
  37  39  40  39  38  37  42  43  44  42 174 208 208 208 209 210
  38  40  43  39  41  44  42  43  45  45 175 207 208 208 208 209
  40  33  34  41  43  44  44  40  46  45 177 206 208 210 210 209
  41 106 105  94 108  47  41  45  47  47 179 208 208 210 211 210
  76 206 209 209 204 102  39  45  47  48 180 208 208 210 210 210
 135 111 111 101  88 108 153 144 145 139 146 145 143 153 144 154
  42 169 192 193 191 175  10  30  26  21  26  19  25  27  19  25
  40 175 194 189 191 170  17  30  30  32  33  32  32  31  28  30
  41 179 193 187 190 166  15  29  30  30  29  33  31  30  33  30
  43 178 197 194 196 163  18  31  30  31  26  30  22  18  23  28
  23  68  70  74  76  67  23  29  32  22  99 143 155 145 131 144
  28  26  27  29  28  32  31  31  30  24 136 191 190 190 190 189
  28  28  29  29  29  31  30  29  32  26 143 188 188 188 187 188
  30  29  29  30  31  32  33  32  35  32 151 190 189 190 188 191
  31  29  30  30  34  34  34  33  36  30 155 190 189 191 191 191
  32  32  29  30  30  33  36  36  34  34 162 191 191 191 191 190
  29  31  31  31  30  29  35  37  35  34 164 192 191 191 191 192
  32  31  34  33  33  32  34  35  34  36 166 192 191 191 191 191
  34  27  27  30  29  34  37  34  34  37 168 191 191 192 192 191
  34 106  99  81  90  40  35  37  35  39 170 192 191 192 193 192
  69 189 190 192 189  95  35  37  35  41 172 192 191 192 192 192

 171  47  56  55  52 180 235 239 238 237 239 238 237 237 238 238
 160  47  55  54  58 167 239 238 235 242 240 239 239 240 241 240
 182  44  51  52  56 180 237 240 237 242 240 239 239 240 240 240
 189  49  58  57  54 188 237 240 236 240 240 239 239 239 239 239
 181  47  59  63  59 181 234 233 231 232 232 235 238 237 234 234
 162  53  56  57  59 131 161 164 170 170 174 181 188 192 196 201
 154  46  57  54  59  46  45  47  54  51  55  56  59  61  66  71
 152  46  55  55  57  57  55  59  62  64  62  63  62  59  63  63
 153  51  60  58  57  52  58  58  63  63  63  62  62  61  62  61
 173  34  50  45  45  42  57  57  61  61  62  59  58  61  54  49
 137 206 206 192 184  79  58  58  60  62  60  56  59  63  61 111
 116 237 235 229 226  82  53  55  58  62  58  58  61  63 137 229
 124 240 237 236 226  81  54  54  56  59  58  59  59  61 123 236
 134 235 230 234 223  88  55  57  57  56  55  57  57  58 128 239
 130 199 193 202 196  87  54  56  57  56  58  56  53  56 122 231
 156  70  64  71  69  51  56  55  58  60  61  57  58  57  53  86
 157  30  35  35  33 155 205 207 208 209 210 210 209 209 210 210
 145  28  36  33  31 144 207 206 206 208 208 209 208 210 211 210
 157  31  41  38  30 159 206 208 208 208 208 208 208 210 210 210
 157  32  39  38  28 167 207 208 208 207 208 208 208 208 208 208
 155  27  38  41  34 153 204 203 204 203 205 208 207 206 208 208
 150  33  39  40  31 107 141 148 158 162 170 174 175 177 179 180
 142  26  37  40  38  31  31  34  40  38  42  42  45  45  47  48
 148  31  36  39  39  41  39  41  44  44  42  44  45  46  47  47
 147  34  38  38  41  39  38  39  44  44  43  43  43  40  45  45
 156  14  20  19  20  25  37  38  43  42  43  42  42  44  41  39
 117 185 179 173 166  69  37  38  40  42  39  37  44  44  47 102
  97 208 205 206 205  77  36  37  40  42  37  38  41  43 108 204
 107 211 206 208 205  75  37  37  39  39  38  39  39  41  94 209
 117 210 207 205 206  72  35  37  37  39  38  40  43  34 105 209
 117 183 181 183 186  75  34  36  37  38  41  39  40  33 106 206
 141  48  47  49  54  36  37  36  38  40  41  37  38  40  41  76
 154  25  30  30  28 144 189 188 191 191 190 192 191 191 192 192
 144  19  28  33  23 131 190 187 188 191 191 191 191 192 193 192
 153  27  31  30  18 145 190 188 190 191 191 191 191 192 192 192
 143  25  32  31  22 155 190 188 189 189 191 191 191 191 191 191
 145  19  32  33  30 143 191 188 190 190 191 192 192 191 192 192
 146  26  33  29  26  99 136 143 151 155 162 164 166 168 170 172
 139  21  32  30  31  22  24  26  32  30  34  34  36  37  39  41
 145  26  30  30  30  32  30  32  35  36  34  35  34  34  35  35
 144  30  30  29  31  29  31  29  32  33  36  37  35  34  37  37
 153  10  17  15  18  23  31  30  33  34  36  35  34  37  35  35
 108 175 170 166 163  67  32  31  32  34  33  29  32  34  40  95
  88 191 191 190 196  76  28  29  31  34  30  30  33  29  90 189
 101 193 189 187 194  74  29  29  30  30  30  31  33  30  81 192
 111 192 194 193 197  70  27  29  29  30  29  31  34  27  99 190
 111 169 175 179 178  68  26  28  29  29  32  31  31  27 106 189
 135  42  40  41  43  23  28  28  30  31  32  29  32  34  34  69

 238 240 240 239 234 201  71  63  61  49 111 229 236 239 231  86
 238 241 240 239 234 196  66  63  62  54  61 137 123 128 122  53
 237 240 240 239 237 192  61  59  61  61  63  63  61  58  56  57
 237 239 239 239 238 188  59  62  62  58  59  61  59  57  53  58
 238 239 239 239 235 181  56  63  62  59  56  58  59  57  56  57
 239 240 240 240 232 174  55  62  63  62  60  58  58  55  58  61
 237 242 242 240 232 170  51  64  63  61  62  62  59  56  56  60
 238 235 237 236 231 170  54  62  63  61  60  58  56  57  57  58
 239 238 240 240 233 164  47  59  58  57  58  55  54  57  56  55
 235 239 237 237 234 161  45  55  58  57  58  53  54  55  54  56
 180 167 180 188 181 131  46  57  52  42  79  82  81  88  87  51
  52  58  56  54  59  59  59  57  57  45 184 226 226 223 196  69
  55  54  52  57  63  57  54  55  58  45 192 229 236 234 202  71
  56  55  51  58  59  56  57  55  60  50 206 235 237 230 193  64
  47  47  44  49  47  53  46  46  51  34 206 237 240 235 199  70
 171 160 182 189 181 162 154 152 153 173 137 116 124 134 130 156
 210 210 210 208 208 180  48  47  45  39 102 204 209 209 206  76
 210 211 210 208 208 179  47  47  45  41  47 108  94 105 106  41
 209 210 210 208 206 177  45  46  40  44  44  43  41  34  33  40
 209 208 208 208 207 175  45  45  43  42  44  41  39  43  40  38
 210 209 208 208 208 174  42  44  43  42  37  38  39  40  39  37
 210 208 208 208 205 170  42  42  43  43  39  37  38  38  41  41
 209 208 208 207 203 162  38  44  44  42  42  42  39  39  38  40
 208 206 208 208 204 158  40  44  44  43  40  40  39  37  37  38
 207 206 208 208 203 148  34  41  39  38  38  37  37  37  36  36
 205 207 206 207 204 141  31  39  38  37  37  36  37  35  34  37
 155 144 159 167 153 107  31  41  39  25  69  77  75  72  75  36
  33  31  30  28  34  31  38  39  41  20 166 205 205 206 186  54
  35  33  38  38  41  40  40  39  38  19 173 206 208 205 183  49
  35  36  41  39  38  39  37  36  38  20 179 205 206 207 181  47
  30  28  31  32  27  33  26  31  34  14 185 208 211 210 183  48
 157 145 157 157 155 150 142 148 147 156 117  97 107 117 117 141
 192 192 192 191 192 172  41  35  37  35  95 189 192 190 189  69
 192 193 192 191 192 170  39  35  37  35  40  90  81  99 106  34
 191 192 192 191 191 168  37  34  34  37  34  29  30  27  27  34
 191 191 191 191 192 166  36  34  35  34  32  33  33  34  31  32
 192 191 191 191 192 164  34  35  37  35  29  30  31  31  31  29
 190 191 191 191 191 162  34  34  36  36  33  30  30  29  32  32
 191 191 191 189 190 155  30  36  33  34  34  34  30  30  29  31
 191 188 190 189 190 151  32  35  32  33  32  31  30  29  29  30
 188 187 188 188 188 143  26  32  29  30  31  29  29  29  28  28
 189 190 190 190 191 136  24  30  31  31  32  28  29  27  26  28
 144 131 145 155 143  99  22  32  29  23  67  76  74  70  68  23
  28  23  18  22  30  26  31  30  31  18 163 196 194 197 178  43
  30  33  30  31  33  29  30  30  29  15 166 190 187 193 179  41
  30  28  31  32  32  33  32  30  30  17 170 191 189 194 175  40
  25  19  27  25  19  26  21  26  30  10 175 191 193 192 169  42
 154 144 153 143 145 146 139 145 144 153 108  88 101 111 111 135

