 204 129  50  42  36  35  34  35  37  31 100 201 207 205 198  82
 203 122  48  38  34  33  35  36  36  31  98 200 204 203 198  83
 200 119  52  44  39  38  39  40  37  31  97 198 204 203 198  83
 198 122  52  45  37  35  35  36  39  32 103 200 201 205 200  90
 198 119  46  40  35  33  34  36  38  32  99 199 201 206 201  93
 162 100  44  36  32  32  36  36  38  31  80 175 176 176 173  82
  22  44  41  35  32  33  34  34  36  36  34  46  38  36  41 166
  36  48  39  37  34  33  33  34  36  35  35  36  36  35  31 175
  32  43  42  36  36  35  35  36  36  33  33  35  35  34  30 172
  36  52  42  40  40  38  38  36  36  35  36  37  36  33  31 164
  31 100 124 120 112 111 110 109 107 106 107 107  80  68  69 133
  29 140 191 192 190 192 192 191 192 194 198 197 196 194 190  35
  27 137 195 197 199 201 200 200 195 193 194 194 193 191 193  41
  29 136 194 196 199 201 199 197 195 195 195 194 195 192 193  44
  31 131 183 183 186 195 192 190 195 194 193 194 191 192 189  42
  36  53  62  62  64  65  64  62  64  63  63  63  63  72  97 132
 178 100  32  27  26  27  26  27  28  23  93 180 177 177 176  57
 178  94  32  25  25  27  29  28  27  23  91 176 176 175 176  56
 177  93  30  26  24  26  28  28  27  22  90 174 175 175 175  56
 176  99  29  26  23  25  27  28  27  23  87 176 176 175 175  55
 175  94  27  23  23  24  25  28  27  24  85 176 176 175 175  56
 144  72  30  25  24  25  27  26  25  23  68 156 157 155 156  50
  15  28  30  24  24  25  28  26  23  23  24  36  33  32  33 148
  26  35  27  25  23  24  24  27  26  23  23  24  24  22  16 156
  25  32  28  23  24  24  25  27  27  24  23  23  22  20  17 154
  22  28  23  21  22  21  23  24  23  20  21  21  20  20  16 151
  17  78 102  97  91  91  91  90  88  86  86  87  61  53  53 119
  19 126 171 171 169 172 171 170 170 171 172 171 173 174 175  22
  19 129 169 170 169 169 167 168 169 169 168 169 169 169 169  25
  19 128 169 169 167 169 168 168 168 168 169 168 169 167 169  28
  20 123 165 164 165 171 171 171 172 171 169 171 167 168 171  29
  24  39  50  50  52  52  54  54  55  54  54  55  54  63  85 104
 158  87  26  21  19  19  19  19  22  16  86 165 159 160 161  50
 160  85  25  18  17  19  21  20  21  16  84 160 158 159 161  50
 163  84  25  20  18  19  21  21  21  15  83 158 158 159 160  48
 161  87  24  20  16  18  19  20  20  14  83 163 157 158 160  48
 161  85  21  17  16  16  18  20  20  15  80 162 157 156 160  48
 135  64  23  17  16  17  20  19  17  13  65 146 144 144 143  46
  12  26  23  17  16  18  20  18  16  16  20  32  28  27  28 142
  19  28  20  18  15  16  17  19  18  15  15  16  16  14  13 148
  18  26  21  16  16  17  18  19  20  18  17  17  17  15  12 145
  14  21  17  15  16  15  17  17  16  14  14  14  14  13  12 143
  11  72  94  89  83  83  83  83  80  79  79  79  53  44  45 113
  15 122 155 155 153 155 155 154 154 155 157 156 157 158 158  19
  15 126 150 151 151 151 150 150 150 150 150 150 150 150 157  23
  14 124 150 151 150 151 150 150 150 150 150 149 151 148 157  25
  15 119 153 152 153 156 156 156 156 155 154 155 152 153 156  23
  18  35  44  45  47  47  48  48  49  49  48  49  49  57  79  91

  82  83  83  90  93  82 166 175 172 164 133  35  41  44  42 132
 198 198 198 200 201 173  41  31  30  31  69 190 193 193 189  97
 205 203 203 205 206 176  36  35  34  33  68 194 191 192 192  72
 207 204 204 201 201 176  38  36  35  36  80 196 193 195 191  63
 201 200 198 200 199 175  46  36  35  37 107 197 194 194 194  63
 100  98  97 103  99  80  34  35  33  36 107 198 194 195 193  63
  31  31  31  32  32  31  36  35  33  35 106 194 193 195 194  63
  37  36  37  39  38  38  36  36  36  36 107 192 195 195 195  64
  35  36  40  36  36  36  34  34  36  36 109 191 200 197 190  62
  34  35  39  35  34  36  34  33  35  38 110 192 200 199 192  64
  35  33  38  35  33  32  33  33  35  38 111 192 201 201 195  65
  36  34  39  37  35  32  32  34  36  40 112 190 199 199 186  64
  42  38  44  45  40  36  35  37  36  40 120 192 197 196 183  62
  50  48  52  52  46  44  41  39  42  42 124 191 195 194 183  62
 129 122 119 122 119 100  44  48  43  52 100 140 137 136 131  53
 204 203 200 198 198 162  22  36  32  36  31  29  27  29  31  36
  57  56  56  55  56  50 148 156 154 151 119  22  25  28  29 104
 176 176 175 175 175 156  33  16  17  16  53 175 169 169 171  85
 177 175 175 175 175 155  32  22  20  20  53 174 169 167 168  63
 177 176 175 176 176 157  33  24  22  20  61 173 169 169 167  54
 180 176 174 176 176 156  36  24  23  21  87 171 169 168 171  55
  93  91  90  87  85  68  24  23  23  21  86 172 168 169 169  54
  23  23  22  23  24  23  23  23  24  20  86 171 169 168 171  54
  28  27  27  27  27  25  23  26  27  23  88 170 169 168 172  55
  27  28  28  28  28  26  26  27  27  24  90 170 168 168 171  54
  26  29  28  27  25  27  28  24  25  23  91 171 167 168 171  54
  27  27  26  25  24  25  25  24  24  21  91 172 169 169 171  52
  26  25  24  23  23  24  24  23  24  22  91 169 169 167 165  52
  27  25  26  26  23  25  24  25  23  21  97 171 170 169 164  50
  32  32  30  29  27  30  30  27  28  23 102 171 169 169 165  50
 100  94  93  99  94  72  28  35  32  28  78 126 129 128 123  39
 178 178 177 176 175 144  15  26  25  22  17  19  19  19  20  24
  50  50  48  48  48  46 142 148 145 143 113  19  23  25  23  91
 161 161 160 160 160 143  28  13  12  12  45 158 157 157 156  79
 160 159 159 158 156 144  27  14  15  13  44 158 150 148 153  57
 159 158 158 157 157 144  28  16  17  14  53 157 150 151 152  49
 165 160 158 163 162 146  32  16  17  14  79 156 150 149 155  49
  86  84  83  83  80  65  20  15  17  14  79 157 150 150 154  48
  16  16  15  14  15  13  16  15  18  14  79 155 150 150 155  49
  22  21  21  20  20  17  16  18  20  16  80 154 150 150 156  49
  19  20  21  20  20  19  18  19  19  17  83 154 150 150 156  48
  19  21  21  19  18  20  20  17  18  17  83 155 150 150 156  48
  19  19  19  18  16  17  18  16  17  15  83 155 151 151 156  47
  19  17  18  16  16  16  16  15  16  16  83 153 151 150 153  47
  21  18  20  20  17  17  17  18  16  15  89 155 151 151 152  45
  26  25  25  24  21  23  23  20  21  17  94 155 150 150 153  44
  87  85  84  87  85  64  26  28  26  21  72 122 126 124 119  35
 158 160 163 161 161 135  12  19  18  14  11  15  15  14  15  18

 132  97  72  63  63  63  63  64  62  64  65  64  62  62  53  36
  42 189 192 191 194 193 194 195 190 192 195 186 183 183 131  31
  44 193 192 195 194 195 195 195 197 199 201 199 196 194 136  29
  41 193 191 193 194 194 193 195 200 200 201 199 197 195 137  27
  35 190 194 196 197 198 194 192 191 192 192 190 192 191 140  29
 133  69  68  80 107 107 106 107 109 110 111 112 120 124 100  31
 164  31  33  36  37  36  35  36  36  38  38  40  40  42  52  36
 172  30  34  35  35  33  33  36  36  35  35  36  36  42  43  32
 175  31  35  36  36  35  35  36  34  33  33  34  37  39  48  36
 166  41  36  38  46  34  36  36  34  34  33  32  35  41  44  22
  82 173 176 176 175  80  31  38  36  36  32  32  36  44 100 162
  93 201 206 201 199  99  32  38  36  34  33  35  40  46 119 198
  90 200 205 201 200 103  32  39  36  35  35  37  45  52 122 198
  83 198 203 204 198  97  31  37  40  39  38  39  44  52 119 200
  83 198 203 204 200  98  31  36  36  35  33  34  38  48 122 203
  82 198 205 207 201 100  31  37  35  34  35  36  42  50 129 204
 104  85  63  54  55  54  54  55  54  54  52  52  50  50  39  24
  29 171 168 167 171 169 171 172 171 171 171 165 164 165 123  20
  28 169 167 169 168 169 168 168 168 168 169 167 169 169 128  19
  25 169 169 169 169 168 169 169 168 167 169 169 170 169 129  19
  22 175 174 173 171 172 171 170 170 171 172 169 171 171 126  19
 119  53  53  61  87  86  86  88  90  91  91  91  97 102  78  17
 151  16  20  20  21  21  20  23  24  23  21  22  21  23  28  22
 154  17  20  22  23  23  24  27  27  25  24  24  23  28  32  25
 156  16  22  24  24  23  23  26  27  24  24  23  25  27  35  26
 148  33  32  33  36  24  23  23  26  28  25  24  24  30  28  15
  50 156 155 157 156  68  23  25  26  27  25  24  25  30  72 144
  56 175 175 176 176  85  24  27  28  25  24  23  23  27  94 175
  55 175 175 176 176  87  23  27  28  27  25  23  26  29  99 176
  56 175 175 175 174  90  22  27  28  28  26  24  26  30  93 177
  56 176 175 176 176  91  23  27  28  29  27  25  25  32  94 178
  57 176 177 177 180  93  23  28  27  26  27  26  27  32 100 178
  91  79  57  49  49  48  49  49  48  48  47  47  45  44  35  18
  23 156 153 152 155 154 155 156 156 156 156 153 152 153 119  15
  25 157 148 151 149 150 150 150 150 150 151 150 151 150 124  14
  23 157 150 150 150 150 150 150 150 150 151 151 151 150 126  15
  19 158 158 157 156 157 155 154 154 155 155 153 155 155 122  15
 113  45  44  53  79  79  79  80  83  83  83  83  89  94  72  11
 143  12  13  14  14  14  14  16  17  17  15  16  15  17  21  14
 145  12  15  17  17  17  18  20  19  18  17  16  16  21  26  18
 148  13  14  16  16  15  15  18  19  17  16  15  18  20  28  19
 142  28  27  28  32  20  16  16  18  20  18  16  17  23  26  12
  46 143 144 144 146  65  13  17  19  20  17  16  17  23  64 135
  48 160 156 157 162  80  15  20  20  18  16  16  17  21  85 161
  48 160 158 157 163  83  14  20  20  19  18  16  20  24  87 161
  48 160 159 158 158  83  15  21  21  21  19  18  20  25  84 163
  50 161 159 158 160  84  16  21  20  21  19  17  18  25  85 160
  50 161 160 159 165  86  16  22  19  19  19  19  21  26  87 158

  36  31  29  27  29  31  36  32  36  22 162 198 198 200 203 204
  53 131 136 137 140 100  52  43  48  44 100 119 122 119 122 129
  62 183 194 195 191 124  42  42  39  41  44  46  52  52  48  50
  62 183 196 197 192 120  40  36  37  35  36  40  45  44  38  42
  64 186 199 199 190 112  40  36  34  32  32  35  37  39  34  36
  65 195 201 201 192 111  38  35  33  33  32  33  35  38  33  35
  64 192 199 200 192 110  38  35  33  34  36  34  35  39  35  34
  62 190 197 200 191 109  36  36  34  34  36  36  36  40  36  35
  64 195 195 195 192 107  36  36  36  36  38  38  39  37  36  37
  63 194 195 193 194 106  35  33  35  36  31  32  32  31  31  31
  63 193 195 194 198 107  36  33  35  34  80  99 103  97  98 100
  63 194 194 194 197 107  37  35  36  46 175 199 200 198 200 201
  63 191 195 193 196  80  36  35  36  38 176 201 201 204 204 207
  72 192 192 191 194  68  33  34  35  36 176 206 205 203 203 205
  97 189 193 193 190  69  31  30  31  41 173 201 200 198 198 198
 132  42  44  41  35 133 164 172 175 166  82  93  90  83  83  82
  24  20  19  19  19  17  22  25  26  15 144 175 176 177 178 178
  39 123 128 129 126  78  28  32  35  28  72  94  99  93  94 100
  50 165 169 169 171 102  23  28  27  30  30  27  29  30  32  32
  50 164 169 170 171  97  21  23  25  24  25  23  26  26  25  27
  52 165 167 169 169  91  22  24  23  24  24  23  23  24  25  26
  52 171 169 169 172  91  21  24  24  25  25  24  25  26  27  27
  54 171 168 167 171  91  23  25  24  28  27  25  27  28  29  26
  54 171 168 168 170  90  24  27  27  26  26  28  28  28  28  27
  55 172 168 169 170  88  23  27  26  23  25  27  27  27  27  28
  54 171 168 169 171  86  20  24  23  23  23  24  23  22  23  23
  54 169 169 168 172  86  21  23  23  24  68  85  87  90  91  93
  55 171 168 169 171  87  21  23  24  36 156 176 176 174 176 180
  54 167 169 169 173  61  20  22  24  33 157 176 176 175 176 177
  63 168 167 169 174  53  20  20  22  32 155 175 175 175 175 177
  85 171 169 169 175  53  16  17  16  33 156 175 175 175 176 176
 104  29  28  25  22 119 151 154 156 148  50  56  55  56  56  57
  18  15  14  15  15  11  14  18  19  12 135 161 161 163 160 158
  35 119 124 126 122  72  21  26  28  26  64  85  87  84  85  87
  44 153 150 150 155  94  17  21  20  23  23  21  24  25  25  26
  45 152 151 151 155  89  15  16  18  17  17  17  20  20  18  21
  47 153 150 151 153  83  16  16  15  16  16  16  16  18  17  19
  47 156 151 151 155  83  15  17  16  18  17  16  18  19  19  19
  48 156 150 150 155  83  17  18  17  20  20  18  19  21  21  19
  48 156 150 150 154  83  17  19  19  18  19  20  20  21  20  19
  49 156 150 150 154  80  16  20  18  16  17  20  20  21  21  22
  49 155 150 150 155  79  14  18  15  16  13  15  14  15  16  16
  48 154 150 150 157  79  14  17  15  20  65  80  83  83  84  86
  49 155 149 150 156  79  14  17  16  32 146 162 163 158 160 165
  49 152 151 150 157  53  14  17  16  28 144 157 157 158 158 159
  57 153 148 150 158  44  13  15  14  27 144 156 158 159 159 160
  79 156 157 157 158  45  12  12  13  28 143 160 160 160 161 161
  91  23  25  23  19 113 143 145 148 142  46  48  48  48  50  50

