  57  93 232 243 243 241 240 238 237 236 236 238 241 242 241 192
 135 155 143 153 131 134 143 140 143 114 136 233 241 243 242 176
 237 218  50  55  47  56  60  62  58  59  54 214 242 245 233 179
 237 211  54  62  68  70  74  77  71  67  32 217 241 244 237 174
 239 224  55  64  70  71  76  75  70  70  51 215 239 243 242 190
 244 210  64  66  64  68  75  73  70  65  43 223 241 242 241 181
 242 217  65  69  64  71  78  75  67  70  46 229 241 242 241 177
 239 202  56  68  66  70  81  82  78  72  53 215 239 237 241 190
 241 221  53  70  70  72  81  83  76  70  46 225 240 242 240 182
 238 203  53  70  66  71  78  79  72  66  57 205 239 243 238 189
 241 216  60  70  67  72  75  78  70  70  40 228 240 240 240 176
 240 198  53  69  71  74  75  77  73  68  60 214 239 239 243 178
 242 210  49  73  70  77  77  80  77  70  39 219 237 238 244 184
 237 197  62  67  69  78  81  84  76  65  58 214 237 243 242 184
 235 206  58  59  61  66  77  84  78  59  33 212 232 236 238 192
 237 227 166 160 153 158 139 164 166 151 143 143 128 122 117 160
  37  75 209 213 214 211 211 210 210 211 211 211 212 211 212 160
 123 146 133 137 120 123 132 128 131 104 120 209 211 211 212 148
 210 193  24  41  36  42  44  46  41  41  43 199 210 212 211 156
 210 177  28  47  48  51  55  55  50  45  21 204 212 210 212 148
 209 191  28  48  50  51  56  54  49  48  38 201 212 211 213 164
 210 178  31  46  46  48  56  53  49  44  32 200 212 212 212 156
 210 187  27  45  48  50  59  57  48  50  34 206 213 213 211 152
 210 176  29  47  47  50  59  59  54  51  37 195 212 211 210 161
 211 192  31  48  51  53  59  58  51  49  29 207 212 213 212 148
 209 172  30  49  52  54  59  61  54  46  40 189 212 213 211 162
 208 189  30  47  47  50  55  58  52  51  25 206 213 212 209 153
 206 171  30  48  47  50  54  55  55  52  47 191 211 213 211 156
 204 185  25  47  50  55  55  58  53  48  20 201 212 211 210 159
 207 166  29  45  51  56  54  58  53  45  43 196 213 211 209 154
 207 179  25  35  38  44  50  58  53  35  20 200 210 208 207 160
 205 193 131 130 124 130 116 131 126 122 129 135 118 109 106 140
  31  68 198 198 197 195 194 195 195 197 196 194 192 190 191 145
 118 138 125 131 113 117 125 122 125 102 115 196 192 192 194 134
 196 178  17  34  31  35  37  38  33  34  37 190 191 193 193 141
 191 160  23  38  38  40  45  45  39  36  15 198 191 193 194 135
 191 173  21  40  40  41  46  44  38  38  35 194 192 195 196 145
 192 159  21  39  36  38  45  42  39  35  28 191 194 195 197 142
 188 174  13  38  38  43  48  44  37  42  29 196 194 194 196 138
 191 162  21  40  36  42  50  47  43  42  32 187 192 190 193 145
 193 169  22  40  39  44  49  46  39  41  24 199 193 194 194 133
 190 157  20  38  40  45  47  45  39  38  37 181 194 194 193 146
 191 173  21  39  37  41  44  43  37  42  20 199 192 192 192 138
 190 156  21  40  39  42  45  41  40  42  42 183 193 194 194 140
 191 168  19  42  37  44  43  44  42  40  15 191 193 192 192 140
 186 145  20  38  42  45  42  45  41  36  38 187 193 191 191 135
 186 165  19  28  34  34  39  45  41  28  15 192 194 192 190 144
 187 177 118 118 115 121 109 123 117 119 126 129 109 103  95 124

 192 176 179 174 190 181 177 190 182 189 176 178 184 184 192 160
 241 242 233 237 242 241 241 241 240 238 240 243 244 242 238 117
 242 243 245 244 243 242 242 237 242 243 240 239 238 243 236 122
 241 241 242 241 239 241 241 239 240 239 240 239 237 237 232 128
 238 233 214 217 215 223 229 215 225 205 228 214 219 214 212 143
 236 136  54  32  51  43  46  53  46  57  40  60  39  58  33 143
 236 114  59  67  70  65  70  72  70  66  70  68  70  65  59 151
 237 143  58  71  70  70  67  78  76  72  70  73  77  76  78 166
 238 140  62  77  75  73  75  82  83  79  78  77  80  84  84 164
 240 143  60  74  76  75  78  81  81  78  75  75  77  81  77 139
 241 134  56  70  71  68  71  70  72  71  72  74  77  78  66 158
 243 131  47  68  70  64  64  66  70  66  67  71  70  69  61 153
 243 153  55  62  64  66  69  68  70  70  70  69  73  67  59 160
 232 143  50  54  55  64  65  56  53  53  60  53  49  62  58 166
  93 155 218 211 224 210 217 202 221 203 216 198 210 197 206 227
  57 135 237 237 239 244 242 239 241 238 241 240 242 237 235 237
 160 148 156 148 164 156 152 161 148 162 153 156 159 154 160 140
 212 212 211 212 213 212 211 210 212 211 209 211 210 209 207 106
 211 211 212 210 211 212 213 211 213 213 212 213 211 211 208 109
 212 211 210 212 212 212 213 212 212 212 213 211 212 213 210 118
 211 209 199 204 201 200 206 195 207 189 206 191 201 196 200 135
 211 120  43  21  38  32  34  37  29  40  25  47  20  43  20 129
 211 104  41  45  48  44  50  51  49  46  51  52  48  45  35 122
 210 131  41  50  49  49  48  54  51  54  52  55  53  53  53 126
 210 128  46  55  54  53  57  59  58  61  58  55  58  58  58 131
 211 132  44  55  56  56  59  59  59  59  55  54  55  54  50 116
 211 123  42  51  51  48  50  50  53  54  50  50  55  56  44 130
 214 120  36  48  50  46  48  47  51  52  47  47  50  51  38 124
 213 137  41  47  48  46  45  47  48  49  47  48  47  45  35 130
 209 133  24  28  28  31  27  29  31  30  30  30  25  29  25 131
  75 146 193 177 191 178 187 176 192 172 189 171 185 166 179 193
  37 123 210 210 209 210 210 210 211 209 208 206 204 207 207 205
 145 134 141 135 145 142 138 145 133 146 138 140 140 135 144 124
 191 194 193 194 196 197 196 193 194 193 192 194 192 191 190  95
 190 192 193 193 195 195 194 190 194 194 192 194 192 191 192 103
 192 192 191 191 192 194 194 192 193 194 192 193 193 193 194 109
 194 196 190 198 194 191 196 187 199 181 199 183 191 187 192 129
 196 115  37  15  35  28  29  32  24  37  20  42  15  38  15 126
 197 102  34  36  38  35  42  42  41  38  42  42  40  36  28 119
 195 125  33  39  38  39  37  43  39  39  37  40  42  41  41 117
 195 122  38  45  44  42  44  47  46  45  43  41  44  45  45 123
 194 125  37  45  46  45  48  50  49  47  44  45  43  42  39 109
 195 117  35  40  41  38  43  42  44  45  41  42  44  45  34 121
 197 113  31  38  40  36  38  36  39  40  37  39  37  42  34 115
 198 131  34  38  40  39  38  40  40  38  39  40  42  38  28 118
 198 125  17  23  21  21  13  21  22  20  21  21  19  20  19 118
  68 138 178 160 173 159 174 162 169 157 173 156 168 145 165 177
  31 118 196 191 191 192 188 191 193 190 191 190 191 186 186 187

 160 117 122 128 143 143 151 166 164 139 158 153 160 166 227 237
 192 238 236 232 212  33  59  78  84  77  66  61  59  58 206 235
 184 242 243 237 214  58  65  76  84  81  78  69  67  62 197 237
 184 244 238 237 219  39  70  77  80  77  77  70  73  49 210 242
 178 243 239 239 214  60  68  73  77  75  74  71  69  53 198 240
 176 240 240 240 228  40  70  70  78  75  72  67  70  60 216 241
 189 238 243 239 205  57  66  72  79  78  71  66  70  53 203 238
 182 240 242 240 225  46  70  76  83  81  72  70  70  53 221 241
 190 241 237 239 215  53  72  78  82  81  70  66  68  56 202 239
 177 241 242 241 229  46  70  67  75  78  71  64  69  65 217 242
 181 241 242 241 223  43  65  70  73  75  68  64  66  64 210 244
 190 242 243 239 215  51  70  70  75  76  71  70  64  55 224 239
 174 237 244 241 217  32  67  71  77  74  70  68  62  54 211 237
 179 233 245 242 214  54  59  58  62  60  56  47  55  50 218 237
 176 242 243 241 233 136 114 143 140 143 134 131 153 143 155 135
 192 241 242 241 238 236 236 237 238 240 241 243 243 232  93  57
 140 106 109 118 135 129 122 126 131 116 130 124 130 131 193 205
 160 207 208 210 200  20  35  53  58  50  44  38  35  25 179 207
 154 209 211 213 196  43  45  53  58  54  56  51  45  29 166 207
 159 210 211 212 201  20  48  53  58  55  55  50  47  25 185 204
 156 211 213 211 191  47  52  55  55  54  50  47  48  30 171 206
 153 209 212 213 206  25  51  52  58  55  50  47  47  30 189 208
 162 211 213 212 189  40  46  54  61  59  54  52  49  30 172 209
 148 212 213 212 207  29  49  51  58  59  53  51  48  31 192 211
 161 210 211 212 195  37  51  54  59  59  50  47  47  29 176 210
 152 211 213 213 206  34  50  48  57  59  50  48  45  27 187 210
 156 212 212 212 200  32  44  49  53  56  48  46  46  31 178 210
 164 213 211 212 201  38  48  49  54  56  51  50  48  28 191 209
 148 212 210 212 204  21  45  50  55  55  51  48  47  28 177 210
 156 211 212 210 199  43  41  41  46  44  42  36  41  24 193 210
 148 212 211 211 209 120 104 131 128 132 123 120 137 133 146 123
 160 212 211 212 211 211 211 210 210 211 211 214 213 209  75  37
 124  95 103 109 129 126 119 117 123 109 121 115 118 118 177 187
 144 190 192 194 192  15  28  41  45  39  34  34  28  19 165 186
 135 191 191 193 187  38  36  41  45  42  45  42  38  20 145 186
 140 192 192 193 191  15  40  42  44  43  44  37  42  19 168 191
 140 194 194 193 183  42  42  40  41  45  42  39  40  21 156 190
 138 192 192 192 199  20  42  37  43  44  41  37  39  21 173 191
 146 193 194 194 181  37  38  39  45  47  45  40  38  20 157 190
 133 194 194 193 199  24  41  39  46  49  44  39  40  22 169 193
 145 193 190 192 187  32  42  43  47  50  42  36  40  21 162 191
 138 196 194 194 196  29  42  37  44  48  43  38  38  13 174 188
 142 197 195 194 191  28  35  39  42  45  38  36  39  21 159 192
 145 196 195 192 194  35  38  38  44  46  41  40  40  21 173 191
 135 194 193 191 198  15  36  39  45  45  40  38  38  23 160 191
 141 193 193 191 190  37  34  33  38  37  35  31  34  17 178 196
 134 194 192 192 196 115 102 125 122 125 117 113 131 125 138 118
 145 191 190 192 194 196 197 195 195 194 195 197 198 198  68  31

 237 235 237 242 240 241 238 241 239 242 244 239 237 237 135  57
 227 206 197 210 198 216 203 221 202 217 210 224 211 218 155  93
 166  58  62  49  53  60  53  53  56  65  64  55  54  50 143 232
 160  59  67  73  69  70  70  70  68  69  66  64  62  55 153 243
 153  61  69  70  71  67  66  70  66  64  64  70  68  47 131 243
 158  66  78  77  74  72  71  72  70  71  68  71  70  56 134 241
 139  77  81  77  75  75  78  81  81  78  75  76  74  60 143 240
 164  84  84  80  77  78  79  83  82  75  73  75  77  62 140 238
 166  78  76  77  73  70  72  76  78  67  70  70  71  58 143 237
 151  59  65  70  68  70  66  70  72  70  65  70  67  59 114 236
 143  33  58  39  60  40  57  46  53  46  43  51  32  54 136 236
 143 212 214 219 214 228 205 225 215 229 223 215 217 214 233 238
 128 232 237 237 239 240 239 240 239 241 241 239 241 242 241 241
 122 236 243 238 239 240 243 242 237 242 242 243 244 245 243 242
 117 238 242 244 243 240 238 240 241 241 241 242 237 233 242 241
 160 192 184 184 178 176 189 182 190 177 181 190 174 179 176 192
 205 207 207 204 206 208 209 211 210 210 210 209 210 210 123  37
 193 179 166 185 171 189 172 192 176 187 178 191 177 193 146  75
 131  25  29  25  30  30  30  31  29  27  31  28  28  24 133 209
 130  35  45  47  48  47  49  48  47  45  46  48  47  41 137 213
 124  38  51  50  47  47  52  51  47  48  46  50  48  36 120 214
 130  44  56  55  50  50  54  53  50  50  48  51  51  42 123 211
 116  50  54  55  54  55  59  59  59  59  56  56  55  44 132 211
 131  58  58  58  55  58  61  58  59  57  53  54  55  46 128 210
 126  53  53  53  55  52  54  51  54  48  49  49  50  41 131 210
 122  35  45  48  52  51  46  49  51  50  44  48  45  41 104 211
 129  20  43  20  47  25  40  29  37  34  32  38  21  43 120 211
 135 200 196 201 191 206 189 207 195 206 200 201 204 199 209 211
 118 210 213 212 211 213 212 212 212 213 212 212 212 210 211 212
 109 208 211 211 213 212 213 213 211 213 212 211 210 212 211 211
 106 207 209 210 211 209 211 212 210 211 212 213 212 211 212 212
 140 160 154 159 156 153 162 148 161 152 156 164 148 156 148 160
 187 186 186 191 190 191 190 193 191 188 192 191 191 196 118  31
 177 165 145 168 156 173 157 169 162 174 159 173 160 178 138  68
 118  19  20  19  21  21  20  22  21  13  21  21  23  17 125 198
 118  28  38  42  40  39  38  40  40  38  39  40  38  34 131 198
 115  34  42  37  39  37  40  39  36  38  36  40  38  31 113 197
 121  34  45  44  42  41  45  44  42  43  38  41  40  35 117 195
 109  39  42  43  45  44  47  49  50  48  45  46  45  37 125 194
 123  45  45  44  41  43  45  46  47  44  42  44  45  38 122 195
 117  41  41  42  40  37  39  39  43  37  39  38  39  33 125 195
 119  28  36  40  42  42  38  41  42  42  35  38  36  34 102 197
 126  15  38  15  42  20  37  24  32  29  28  35  15  37 115 196
 129 192 187 191 183 199 181 199 187 196 191 194 198 190 196 194
 109 194 193 193 193 192 194 193 192 194 194 192 191 191 192 192
 103 192 191 192 194 192 194 194 190 194 195 195 193 193 192 190
  95 190 191 192 194 192 193 194 193 196 197 196 194 193 194 191
 124 144 135 140 140 138 146 133 145 138 142 145 135 141 134 145

