 223 235 237 237 238 239 239 239 233 239 190  65  55  40  42 180
  75 188 236 238 239 239 239 238 240 239 226 197 188 180 176 115
  50 168 237 239 240 239 239 238 238 238 238 237 236 236 234  98
  46 153 234 239 240 240 239 239 237 239 239 240 240 240 233 104
  44 174 233 238 239 239 239 239 238 239 238 238 238 237 236 114
  48 168 234 238 238 239 239 239 238 239 239 239 239 239 234 104
  51 158 233 239 239 239 239 239 238 239 239 239 238 238 234  94
  50 165 233 239 239 239 239 238 239 239 238 239 238 237 234  97
  45 163 245 241 240 241 239 239 238 238 238 238 240 240 233 104
  32 158 230 235 237 236 235 235 234 236 239 239 239 236 234 108
 150 161 133 127 131 135 139 146 150 156 194 235 238 236 232 103
 235 146  77  57  49  49  53  54  53  46 110 227 239 235 230  96
 238 155  85  62  53  54  62  63  61  53  96 232 239 235 235  83
 236 150  79  62  52  50  59  63  58  51  87 230 237 234 237 108
 237 162  69  48  38  36  41  42  42  32  97 220 225 229 222 114
 239 233 219 210 206 204 203 202 202 200 178  89  84  84  76 169
 199 207 209 208 207 208 207 206 205 207 162  29  26  24  24 170
  66 165 208 208 208 208 207 207 207 207 200 172 166 161 159 111
  34 149 209 208 210 209 208 207 209 208 209 207 207 206 206  75
  31 148 208 208 210 210 208 208 209 210 209 208 208 207 210  78
  27 159 207 207 208 209 209 208 207 208 207 208 208 208 208  87
  32 146 207 207 208 208 208 208 207 208 208 208 208 208 208  84
  32 137 205 208 208 209 208 208 207 208 208 208 207 207 206  77
  35 147 208 209 208 209 208 207 208 209 207 208 207 206 205  79
  29 153 208 209 208 208 207 206 206 207 210 209 208 206 210  83
  19 145 206 207 209 208 207 206 205 206 207 208 208 207 208  85
 137 146 119 113 117 121 125 132 135 138 170 206 208 208 207  81
 206 124  48  37  35  34  35  35  34  30  86 206 209 208 208  75
 207 133  51  41  36  38  41  42  40  36  79 209 208 208 207  65
 208 124  51  41  38  39  43  43  39  36  78 205 207 208 208  92
 208 133  42  27  22  22  23  23  23  18  82 203 208 208 206  92
 208 204 195 190 188 187 185 183 182 180 157  75  74  72  65 152
 187 194 191 191 190 191 190 191 191 190 147  23  23  18  20 162
  59 162 192 191 191 191 190 190 191 190 184 160 157 152 150 102
  28 148 194 191 192 191 191 190 189 189 190 189 191 191 191  64
  23 145 193 191 192 192 191 191 189 190 190 191 190 190 191  64
  20 154 193 190 191 191 191 191 190 191 190 191 191 190 192  78
  28 139 193 190 190 191 191 191 190 191 191 191 191 191 193  79
  27 130 191 191 191 191 191 191 190 191 191 191 190 190 191  71
  28 138 193 191 191 191 191 190 191 191 190 191 190 189 188  72
  21 157 190 191 191 191 190 189 189 188 189 187 188 189 192  72
  12 143 197 192 194 193 193 192 192 194 192 190 190 190 192  77
 134 142 114 107 111 116 119 126 130 133 162 191 191 190 191  74
 189 109  34  31  29  28  30  29  28  26  78 193 188 190 191  70
 188 118  40  32  28  30  33  33  32  31  70 195 187 189 190  60
 191 111  44  33  29  29  34  34  31  30  73 193 190 190 193  83
 190 116  30  18  15  15  16  17  17  16  78 199 195 195 198  86
 191 189 182 180 180 178 176 175 174 173 147  73  70  69  65 145

 180 115  98 104 114 104  94  97 104 108 103  96  83 108 114 169
  42 176 234 233 236 234 234 234 233 234 232 230 235 237 222  76
  40 180 236 240 237 239 238 237 240 236 236 235 235 234 229  84
  55 188 236 240 238 239 238 238 240 239 238 239 239 237 225  84
  65 197 237 240 238 239 239 239 238 239 235 227 232 230 220  89
 190 226 238 239 238 239 239 238 238 239 194 110  96  87  97 178
 239 239 238 239 239 239 239 239 238 236 156  46  53  51  32 200
 233 240 238 237 238 238 238 239 238 234 150  53  61  58  42 202
 239 238 238 239 239 239 239 238 239 235 146  54  63  63  42 202
 239 239 239 239 239 239 239 239 239 235 139  53  62  59  41 203
 239 239 239 240 239 239 239 239 241 236 135  49  54  50  36 204
 238 239 240 240 239 238 239 239 240 237 131  49  53  52  38 206
 237 238 239 239 238 238 239 239 241 235 127  57  62  62  48 210
 237 236 237 234 233 234 233 233 245 230 133  77  85  79  69 219
 235 188 168 153 174 168 158 165 163 158 161 146 155 150 162 233
 223  75  50  46  44  48  51  50  45  32 150 235 238 236 237 239
 170 111  75  78  87  84  77  79  83  85  81  75  65  92  92 152
  24 159 206 210 208 208 206 205 210 208 207 208 207 208 206  65
  24 161 206 207 208 208 207 206 206 207 208 208 208 208 208  72
  26 166 207 208 208 208 207 207 208 208 208 209 208 207 208  74
  29 172 207 208 208 208 208 208 209 208 206 206 209 205 203  75
 162 200 209 209 207 208 208 207 210 207 170  86  79  78  82 157
 207 207 208 210 208 208 208 209 207 206 138  30  36  36  18 180
 205 207 209 209 207 207 207 208 206 205 135  34  40  39  23 182
 206 207 207 208 208 208 208 207 206 206 132  35  42  43  23 183
 207 207 208 208 209 208 208 208 207 207 125  35  41  43  23 185
 208 208 209 210 209 208 209 209 208 208 121  34  38  39  22 187
 207 208 210 210 208 208 208 208 208 209 117  35  36  38  22 188
 208 208 208 208 207 207 208 209 209 207 113  37  41  41  27 190
 209 208 209 208 207 207 205 208 208 206 119  48  51  51  42 195
 207 165 149 148 159 146 137 147 153 145 146 124 133 124 133 204
 199  66  34  31  27  32  32  35  29  19 137 206 207 208 208 208
 162 102  64  64  78  79  71  72  72  77  74  70  60  83  86 145
  20 150 191 191 192 193 191 188 192 192 191 191 190 193 198  65
  18 152 191 190 190 191 190 189 189 190 190 190 189 190 195  69
  23 157 191 190 191 191 190 190 188 190 191 188 187 190 195  70
  23 160 189 191 191 191 191 191 187 190 191 193 195 193 199  73
 147 184 190 190 190 191 191 190 189 192 162  78  70  73  78 147
 190 190 189 190 191 191 191 191 188 194 133  26  31  30  16 173
 191 191 189 189 190 190 190 191 189 192 130  28  32  31  17 174
 191 190 190 191 191 191 191 190 189 192 126  29  33  34  17 175
 190 190 191 191 191 191 191 191 190 193 119  30  33  34  16 176
 191 191 191 192 191 191 191 191 191 193 116  28  30  29  15 178
 190 191 192 192 191 190 191 191 191 194 111  29  28  29  15 180
 191 191 191 191 190 190 191 191 191 192 107  31  32  33  18 180
 191 192 194 193 193 193 191 193 190 197 114  34  40  44  30 182
 194 162 148 145 154 139 130 138 157 143 142 109 118 111 116 189
 187  59  28  23  20  28  27  28  21  12 134 189 188 191 190 191

 169  76  84  84  89 178 200 202 202 203 204 206 210 219 233 239
 114 222 229 225 220  97  32  42  42  41  36  38  48  69 162 237
 108 237 234 237 230  87  51  58  63  59  50  52  62  79 150 236
  83 235 235 239 232  96  53  61  63  62  54  53  62  85 155 238
  96 230 235 239 227 110  46  53  54  53  49  49  57  77 146 235
 103 232 236 238 235 194 156 150 146 139 135 131 127 133 161 150
 108 234 236 239 239 239 236 234 235 235 236 237 235 230 158  32
 104 233 240 240 238 238 238 238 239 239 241 240 241 245 163  45
  97 234 237 238 239 238 239 239 238 239 239 239 239 233 165  50
  94 234 238 238 239 239 239 238 239 239 239 239 239 233 158  51
 104 234 239 239 239 239 239 238 239 239 239 238 238 234 168  48
 114 236 237 238 238 238 239 238 239 239 239 239 238 233 174  44
 104 233 240 240 240 239 239 237 239 239 240 240 239 234 153  46
  98 234 236 236 237 238 238 238 238 239 239 240 239 237 168  50
 115 176 180 188 197 226 239 240 238 239 239 239 238 236 188  75
 180  42  40  55  65 190 239 233 239 239 239 238 237 237 235 223
 152  65  72  74  75 157 180 182 183 185 187 188 190 195 204 208
  92 206 208 208 203  82  18  23  23  23  22  22  27  42 133 208
  92 208 208 207 205  78  36  39  43  43  39  38  41  51 124 208
  65 207 208 208 209  79  36  40  42  41  38  36  41  51 133 207
  75 208 208 209 206  86  30  34  35  35  34  35  37  48 124 206
  81 207 208 208 206 170 138 135 132 125 121 117 113 119 146 137
  85 208 207 208 208 207 206 205 206 207 208 209 207 206 145  19
  83 210 206 208 209 210 207 206 206 207 208 208 209 208 153  29
  79 205 206 207 208 207 209 208 207 208 209 208 209 208 147  35
  77 206 207 207 208 208 208 207 208 208 209 208 208 205 137  32
  84 208 208 208 208 208 208 207 208 208 208 208 207 207 146  32
  87 208 208 208 208 207 208 207 208 209 209 208 207 207 159  27
  78 210 207 208 208 209 210 209 208 208 210 210 208 208 148  31
  75 206 206 207 207 209 208 209 207 208 209 210 208 209 149  34
 111 159 161 166 172 200 207 207 207 207 208 208 208 208 165  66
 170  24  24  26  29 162 207 205 206 207 208 207 208 209 207 199
 145  65  69  70  73 147 173 174 175 176 178 180 180 182 189 191
  86 198 195 195 199  78  16  17  17  16  15  15  18  30 116 190
  83 193 190 190 193  73  30  31  34  34  29  29  33  44 111 191
  60 190 189 187 195  70  31  32  33  33  30  28  32  40 118 188
  70 191 190 188 193  78  26  28  29  30  28  29  31  34 109 189
  74 191 190 191 191 162 133 130 126 119 116 111 107 114 142 134
  77 192 190 190 190 192 194 192 192 193 193 194 192 197 143  12
  72 192 189 188 187 189 188 189 189 190 191 191 191 190 157  21
  72 188 189 190 191 190 191 191 190 191 191 191 191 193 138  28
  71 191 190 190 191 191 191 190 191 191 191 191 191 191 130  27
  79 193 191 191 191 191 191 190 191 191 191 190 190 193 139  28
  78 192 190 191 191 190 191 190 191 191 191 191 190 193 154  20
  64 191 190 190 191 190 190 189 191 191 192 192 191 193 145  23
  64 191 191 191 189 190 189 189 190 191 191 192 191 194 148  28
 102 150 152 157 160 184 190 191 190 190 191 191 191 192 162  59
 162  20  18  23  23 147 190 191 191 190 191 190 191 191 194 187

 239 237 236 238 235 150  32  45  50  51  48  44  46  50  75 223
 233 162 150 155 146 161 158 163 165 158 168 174 153 168 188 235
 219  69  79  85  77 133 230 245 233 233 234 233 234 237 236 237
 210  48  62  62  57 127 235 241 239 239 238 238 239 239 238 237
 206  38  52  53  49 131 237 240 239 239 238 239 240 240 239 238
 204  36  50  54  49 135 236 241 239 239 239 239 240 239 239 239
 203  41  59  62  53 139 235 239 239 239 239 239 239 239 239 239
 202  42  63  63  54 146 235 239 238 239 239 239 239 238 238 239
 202  42  58  61  53 150 234 238 239 238 238 238 237 238 240 233
 200  32  51  53  46 156 236 238 239 239 239 239 239 238 239 239
 178  97  87  96 110 194 239 238 238 239 239 238 239 238 226 190
  89 220 230 232 227 235 239 238 239 239 239 238 240 237 197  65
  84 225 237 239 239 238 239 240 238 238 239 238 240 236 188  55
  84 229 234 235 235 236 236 240 237 238 239 237 240 236 180  40
  76 222 237 235 230 232 234 233 234 234 234 236 233 234 176  42
 169 114 108  83  96 103 108 104  97  94 104 114 104  98 115 180
 208 208 208 207 206 137  19  29  35  32  32  27  31  34  66 199
 204 133 124 133 124 146 145 153 147 137 146 159 148 149 165 207
 195  42  51  51  48 119 206 208 208 205 207 207 208 209 208 209
 190  27  41  41  37 113 207 209 209 208 207 207 208 208 208 208
 188  22  38  36  35 117 209 208 208 208 208 208 210 210 208 207
 187  22  39  38  34 121 208 208 209 209 208 209 210 209 208 208
 185  23  43  41  35 125 207 207 208 208 208 209 208 208 207 207
 183  23  43  42  35 132 206 206 207 208 208 208 208 207 207 206
 182  23  39  40  34 135 205 206 208 207 207 207 209 209 207 205
 180  18  36  36  30 138 206 207 209 208 208 208 210 208 207 207
 157  82  78  79  86 170 207 210 207 208 208 207 209 209 200 162
  75 203 205 209 206 206 208 209 208 208 208 208 208 207 172  29
  74 208 207 208 209 208 208 208 207 207 208 208 208 207 166  26
  72 208 208 208 208 208 207 206 206 207 208 208 207 206 161  24
  65 206 208 207 208 207 208 210 205 206 208 208 210 206 159  24
 152  92  92  65  75  81  85  83  79  77  84  87  78  75 111 170
 191 190 191 188 189 134  12  21  28  27  28  20  23  28  59 187
 189 116 111 118 109 142 143 157 138 130 139 154 145 148 162 194
 182  30  44  40  34 114 197 190 193 191 193 193 193 194 192 191
 180  18  33  32  31 107 192 191 191 191 190 190 191 191 191 191
 180  15  29  28  29 111 194 191 191 191 190 191 192 192 191 190
 178  15  29  30  28 116 193 191 191 191 191 191 192 191 191 191
 176  16  34  33  30 119 193 190 191 191 191 191 191 191 190 190
 175  17  34  33  29 126 192 189 190 191 191 191 191 190 190 191
 174  17  31  32  28 130 192 189 191 190 190 190 189 189 191 191
 173  16  30  31  26 133 194 188 191 191 191 191 190 189 190 190
 147  78  73  70  78 162 192 189 190 191 191 190 190 190 184 147
  73 199 193 195 193 191 190 187 191 191 191 191 191 189 160  23
  70 195 190 187 188 191 190 188 190 190 191 191 190 191 157  23
  69 195 190 189 190 190 190 189 189 190 191 190 190 191 152  18
  65 198 193 190 191 191 192 192 188 191 193 192 191 191 150  20
 145  86  83  60  70  74  77  72  72  71  79  78  64  64 102 162

