 241 242 240 236 236 234 237 239 235 232 187  40  50  41  34 187
 238 197 113 120 103 119 115 128 119 117 139 162 165 172 186 146
 242 148  42  54  51  48  47  58  55  55  97 226 235 232 241 113
 238 138  56  60  57  58  59  57  56  58 101 232 239 243 242 117
 236 137  52  60  59  60  60  57  54  57 117 234 235 240 238 119
 239 155  68  74  57  53  71  57  44  47 122 208 222 219 201 133
 240 237 234 218 232 226 225 213 231 225 179  69  35  44  41 181
 238 236 233 233 236 239 240 242 241 235 177  51  55  55  44 163
 240 238 236 233 234 240 242 241 239 237 187  44  57  56  50 168
 240 241 240 241 239 236 238 242 239 236 181  47  48  40  47 163
 238 206 159 158 158 154 146 156 153 147 156 140 140 134 162 143
 241 135  43  41  50  54  58  47  51  50 103 225 232 235 230 120
 241 120  57  60  64  62  63  69  67  56 110 228 235 239 238 117
 238 136  57  63  64  65  65  66  61  63  97 235 238 239 234 111
 236 142  58  54  46  59  48  57  52  58 109 228 229 229 231 120
 236 219 200 197 200 187 204 207 210 193 176  89  56  71  69 171
 209 209 210 207 209 208 208 209 209 210 165  22  27  24  20 159
 210 173  98 106  94 109 103 109  99 105 133 148 154 164 168 127
 209 118  26  41  41  33  30  37  35  36  90 205 206 208 210  84
 210 114  36  38  37  37  39  38  39  37  90 207 208 207 210  84
 209 118  35  41  38  39  39  39  39  36  89 208 206 208 208  89
 208 129  42  51  39  31  53  53  43  42 107 190 194 200 181 112
 208 206 202 190 207 203 204 195 208 205 161  47  22  29  31 156
 209 208 206 208 208 207 208 208 208 206 154  27  38  39  29 149
 209 209 208 209 208 208 208 207 207 208 167  24  36  37  33 156
 209 209 206 208 206 207 206 209 207 206 157  23  33  30  28 149
 208 183 142 142 142 136 131 137 134 131 142 117 124 119 143 123
 209 114  29  29  34  33  35  28  35  34  91 203 207 211 210  96
 208 102  42  44  43  43  44  46  43  38  88 205 207 207 207  83
 209 114  39  42  45  44  46  46  41  45  85 206 206 207 207  86
 208 109  32  28  26  41  29  29  24  39  98 205 208 202 204 100
 206 190 174 174 178 167 180 178 184 173 157  76  56  65  58 156
 189 192 194 192 194 194 194 192 193 193 153  17  19  18  15 151
 192 157  90 100  90 103  99 105  95 102 134 144 150 155 159 122
 188  99  19  35  32  26  25  33  31  32  86 195 195 191 195  77
 191  98  26  32  30  31  31  27  26  29  86 194 191 190 192  68
 193 105  28  31  31  32  31  29  27  27  85 195 189 192 194  81
 192 118  36  43  32  23  44  44  35  33 100 182 186 191 172 108
 189 192 194 177 197 193 193 183 195 191 158  45  20  26  25 151
 189 190 191 191 190 191 191 191 191 189 147  22  28  30  24 149
 190 190 190 190 190 191 191 190 190 191 158  20  26  29  26 152
 189 190 188 194 192 192 192 194 191 188 145  19  24  23  22 144
 191 170 133 137 138 130 126 131 128 125 133 111 112 109 130 116
 193  99  20  21  30  29  30  21  29  29  87 196 191 194 192  86
 191  92  32  34  36  36  35  34  32  31  83 193 186 190 190  75
 190 101  32  35  32  33  36  35  32  37  77 194 188 189 191  77
 191  94  21  20  19  36  24  18  18  34  94 196 196 190 193  92
 190 176 160 164 169 159 167 162 172 163 147  71  53  61  53 149

 187 146 113 117 119 133 181 163 168 163 143 120 117 111 120 171
  34 186 241 242 238 201  41  44  50  47 162 230 238 234 231  69
  41 172 232 243 240 219  44  55  56  40 134 235 239 239 229  71
  50 165 235 239 235 222  35  55  57  48 140 232 235 238 229  56
  40 162 226 232 234 208  69  51  44  47 140 225 228 235 228  89
 187 139  97 101 117 122 179 177 187 181 156 103 110  97 109 176
 232 117  55  58  57  47 225 235 237 236 147  50  56  63  58 193
 235 119  55  56  54  44 231 241 239 239 153  51  67  61  52 210
 239 128  58  57  57  57 213 242 241 242 156  47  69  66  57 207
 237 115  47  59  60  71 225 240 242 238 146  58  63  65  48 204
 234 119  48  58  60  53 226 239 240 236 154  54  62  65  59 187
 236 103  51  57  59  57 232 236 234 239 158  50  64  64  46 200
 236 120  54  60  60  74 218 233 233 241 158  41  60  63  54 197
 240 113  42  56  52  68 234 233 236 240 159  43  57  57  58 200
 242 197 148 138 137 155 237 236 238 241 206 135 120 136 142 219
 241 238 242 238 236 239 240 238 240 240 238 241 241 238 236 236
 159 127  84  84  89 112 156 149 156 149 123  96  83  86 100 156
  20 168 210 210 208 181  31  29  33  28 143 210 207 207 204  58
  24 164 208 207 208 200  29  39  37  30 119 211 207 207 202  65
  27 154 206 208 206 194  22  38  36  33 124 207 207 206 208  56
  22 148 205 207 208 190  47  27  24  23 117 203 205 206 205  76
 165 133  90  90  89 107 161 154 167 157 142  91  88  85  98 157
 210 105  36  37  36  42 205 206 208 206 131  34  38  45  39 173
 209  99  35  39  39  43 208 208 207 207 134  35  43  41  24 184
 209 109  37  38  39  53 195 208 207 209 137  28  46  46  29 178
 208 103  30  39  39  53 204 208 208 206 131  35  44  46  29 180
 208 109  33  37  39  31 203 207 208 207 136  33  43  44  41 167
 209  94  41  37  38  39 207 208 208 206 142  34  43  45  26 178
 207 106  41  38  41  51 190 208 209 208 142  29  44  42  28 174
 210  98  26  36  35  42 202 206 208 206 142  29  42  39  32 174
 209 173 118 114 118 129 206 208 209 209 183 114 102 114 109 190
 209 210 209 210 209 208 208 209 209 209 208 209 208 209 208 206
 151 122  77  68  81 108 151 149 152 144 116  86  75  77  92 149
  15 159 195 192 194 172  25  24  26  22 130 192 190 191 193  53
  18 155 191 190 192 191  26  30  29  23 109 194 190 189 190  61
  19 150 195 191 189 186  20  28  26  24 112 191 186 188 196  53
  17 144 195 194 195 182  45  22  20  19 111 196 193 194 196  71
 153 134  86  86  85 100 158 147 158 145 133  87  83  77  94 147
 193 102  32  29  27  33 191 189 191 188 125  29  31  37  34 163
 193  95  31  26  27  35 195 191 190 191 128  29  32  32  18 172
 192 105  33  27  29  44 183 191 190 194 131  21  34  35  18 162
 194  99  25  31  31  44 193 191 191 192 126  30  35  36  24 167
 194 103  26  31  32  23 193 191 191 192 130  29  36  33  36 159
 194  90  32  30  31  32 197 190 190 192 138  30  36  32  19 169
 192 100  35  32  31  43 177 191 190 194 137  21  34  35  20 164
 194  90  19  26  28  36 194 191 190 188 133  20  32  32  21 160
 192 157  99  98 105 118 192 190 190 190 170  99  92 101  94 176
 189 192 188 191 193 192 189 189 190 189 191 193 191 190 191 190

 171  69  71  56  89 176 193 210 207 204 187 200 197 200 219 236
 120 231 229 229 228 109  58  52  57  48  59  46  54  58 142 236
 111 234 239 238 235  97  63  61  66  65  65  64  63  57 136 238
 117 238 239 235 228 110  56  67  69  63  62  64  60  57 120 241
 120 230 235 232 225 103  50  51  47  58  54  50  41  43 135 241
 143 162 134 140 140 156 147 153 156 146 154 158 158 159 206 238
 163  47  40  48  47 181 236 239 242 238 236 239 241 240 241 240
 168  50  56  57  44 187 237 239 241 242 240 234 233 236 238 240
 163  44  55  55  51 177 235 241 242 240 239 236 233 233 236 238
 181  41  44  35  69 179 225 231 213 225 226 232 218 234 237 240
 133 201 219 222 208 122  47  44  57  71  53  57  74  68 155 239
 119 238 240 235 234 117  57  54  57  60  60  59  60  52 137 236
 117 242 243 239 232 101  58  56  57  59  58  57  60  56 138 238
 113 241 232 235 226  97  55  55  58  47  48  51  54  42 148 242
 146 186 172 165 162 139 117 119 128 115 119 103 120 113 197 238
 187  34  41  50  40 187 232 235 239 237 234 236 236 240 242 241
 156  58  65  56  76 157 173 184 178 180 167 178 174 174 190 206
 100 204 202 208 205  98  39  24  29  29  41  26  28  32 109 208
  86 207 207 206 206  85  45  41  46  46  44  45  42  39 114 209
  83 207 207 207 205  88  38  43  46  44  43  43  44  42 102 208
  96 210 211 207 203  91  34  35  28  35  33  34  29  29 114 209
 123 143 119 124 117 142 131 134 137 131 136 142 142 142 183 208
 149  28  30  33  23 157 206 207 209 206 207 206 208 206 209 209
 156  33  37  36  24 167 208 207 207 208 208 208 209 208 209 209
 149  29  39  38  27 154 206 208 208 208 207 208 208 206 208 209
 156  31  29  22  47 161 205 208 195 204 203 207 190 202 206 208
 112 181 200 194 190 107  42  43  53  53  31  39  51  42 129 208
  89 208 208 206 208  89  36  39  39  39  39  38  41  35 118 209
  84 210 207 208 207  90  37  39  38  39  37  37  38  36 114 210
  84 210 208 206 205  90  36  35  37  30  33  41  41  26 118 209
 127 168 164 154 148 133 105  99 109 103 109  94 106  98 173 210
 159  20  24  27  22 165 210 209 209 208 208 209 207 210 209 209
 149  53  61  53  71 147 163 172 162 167 159 169 164 160 176 190
  92 193 190 196 196  94  34  18  18  24  36  19  20  21  94 191
  77 191 189 188 194  77  37  32  35  36  33  32  35  32 101 190
  75 190 190 186 193  83  31  32  34  35  36  36  34  32  92 191
  86 192 194 191 196  87  29  29  21  30  29  30  21  20  99 193
 116 130 109 112 111 133 125 128 131 126 130 138 137 133 170 191
 144  22  23  24  19 145 188 191 194 192 192 192 194 188 190 189
 152  26  29  26  20 158 191 190 190 191 191 190 190 190 190 190
 149  24  30  28  22 147 189 191 191 191 191 190 191 191 190 189
 151  25  26  20  45 158 191 195 183 193 193 197 177 194 192 189
 108 172 191 186 182 100  33  35  44  44  23  32  43  36 118 192
  81 194 192 189 195  85  27  27  29  31  32  31  31  28 105 193
  68 192 190 191 194  86  29  26  27  31  31  30  32  26  98 191
  77 195 191 195 195  86  32  31  33  25  26  32  35  19  99 188
 122 159 155 150 144 134 102  95 105  99 103  90 100  90 157 192
 151  15  18  19  17 153 193 193 192 194 194 194 192 194 192 189

 236 236 238 241 241 238 240 240 238 240 239 236 238 242 238 241
 219 142 136 120 135 206 241 238 236 237 155 137 138 148 197 242
 200  58  57  57  43 159 240 236 233 234  68  52  56  42 113 240
 197  54  63  60  41 158 241 233 233 218  74  60  60  54 120 236
 200  46  64  64  50 158 239 234 236 232  57  59  57  51 103 236
 187  59  65  62  54 154 236 240 239 226  53  60  58  48 119 234
 204  48  65  63  58 146 238 242 240 225  71  60  59  47 115 237
 207  57  66  69  47 156 242 241 242 213  57  57  57  58 128 239
 210  52  61  67  51 153 239 239 241 231  44  54  56  55 119 235
 193  58  63  56  50 147 236 237 235 225  47  57  58  55 117 232
 176 109  97 110 103 156 181 187 177 179 122 117 101  97 139 187
  89 228 235 228 225 140  47  44  51  69 208 234 232 226 162  40
  56 229 238 235 232 140  48  57  55  35 222 235 239 235 165  50
  71 229 239 239 235 134  40  56  55  44 219 240 243 232 172  41
  69 231 234 238 230 162  47  50  44  41 201 238 242 241 186  34
 171 120 111 117 120 143 163 168 163 181 133 119 117 113 146 187
 206 208 209 208 209 208 209 209 209 208 208 209 210 209 210 209
 190 109 114 102 114 183 209 209 208 206 129 118 114 118 173 209
 174  32  39  42  29 142 206 208 206 202  42  35  36  26  98 210
 174  28  42  44  29 142 208 209 208 190  51  41  38  41 106 207
 178  26  45  43  34 142 206 208 208 207  39  38  37  41  94 209
 167  41  44  43  33 136 207 208 207 203  31  39  37  33 109 208
 180  29  46  44  35 131 206 208 208 204  53  39  39  30 103 208
 178  29  46  46  28 137 209 207 208 195  53  39  38  37 109 209
 184  24  41  43  35 134 207 207 208 208  43  39  39  35  99 209
 173  39  45  38  34 131 206 208 206 205  42  36  37  36 105 210
 157  98  85  88  91 142 157 167 154 161 107  89  90  90 133 165
  76 205 206 205 203 117  23  24  27  47 190 208 207 205 148  22
  56 208 206 207 207 124  33  36  38  22 194 206 208 206 154  27
  65 202 207 207 211 119  30  37  39  29 200 208 207 208 164  24
  58 204 207 207 210 143  28  33  29  31 181 208 210 210 168  20
 156 100  86  83  96 123 149 156 149 156 112  89  84  84 127 159
 190 191 190 191 193 191 189 190 189 189 192 193 191 188 192 189
 176  94 101  92  99 170 190 190 190 192 118 105  98  99 157 192
 160  21  32  32  20 133 188 190 191 194  36  28  26  19  90 194
 164  20  35  34  21 137 194 190 191 177  43  31  32  35 100 192
 169  19  32  36  30 138 192 190 190 197  32  31  30  32  90 194
 159  36  33  36  29 130 192 191 191 193  23  32  31  26 103 194
 167  24  36  35  30 126 192 191 191 193  44  31  31  25  99 194
 162  18  35  34  21 131 194 190 191 183  44  29  27  33 105 192
 172  18  32  32  29 128 191 190 191 195  35  27  26  31  95 193
 163  34  37  31  29 125 188 191 189 191  33  27  29  32 102 193
 147  94  77  83  87 133 145 158 147 158 100  85  86  86 134 153
  71 196 194 193 196 111  19  20  22  45 182 195 194 195 144  17
  53 196 188 186 191 112  24  26  28  20 186 189 191 195 150  19
  61 190 189 190 194 109  23  29  30  26 191 192 190 191 155  18
  53 193 191 190 192 130  22  26  24  25 172 194 192 195 159  15
 149  92  77  75  86 116 144 152 149 151 108  81  68  77 122 151

