 210 129  73  69  48  73  73  62  61  57 182 234 242 239 230  77
  73 213 242 231 229 228 217 225 229 232 236 241 242 244 229  80
  59 216 237 239 238 244 243 245 244 242 244 243 240 242 239  59
  46 215 243 241 238 241 236 243 241 242 242 241 239 238 225  75
  52 224 237 240 243 241 239 243 238 237 239 241 239 233 236  65
 116 225 238 240 243 243 241 241 245 242 204 176 170 185 183 133
 231 237 241 241 243 242 240 239 237 238 134  44  35  43  40 219
 241 241 243 241 241 239 239 242 241 241 136  55  58  52  53 219
 244 243 243 243 242 241 240 240 242 239 118  63  56  57  56 220
 241 243 243 244 243 241 240 240 239 241 129  55  57  55  48 223
 242 242 243 244 243 242 241 242 241 242 133  59  58  53  49 207
 242 244 242 242 241 241 242 241 242 238 147  63  60  48  40 219
 243 245 244 242 241 241 242 241 240 243 130  60  61  53  53 212
 243 243 243 244 240 238 241 238 236 242 134  58  63  52  35 224
 229 233 232 234 220 227 232 233 227 231 117  63  57  48  54 203
  51  77  57  54  70  83  50  62  55  49  49  64  62  55  39 216
 194  94  44  48  33  57  56  43  47  44 164 212 212 210 207  39
  61 192 211 209 208 204 197 206 207 209 211 212 212 212 202  55
  43 200 212 212 212 212 212 212 211 210 212 212 211 210 211  40
  33 194 211 211 211 213 212 212 209 211 211 211 210 211 200  54
  32 200 212 211 212 212 211 211 211 213 210 209 208 209 209  42
 105 203 213 210 211 212 211 209 210 210 185 160 151 161 160 101
 211 213 214 211 209 209 209 209 212 211 102  29  21  29  28 199
 212 214 213 212 212 209 209 210 213 213 105  35  39  39  36 201
 213 214 213 213 213 211 210 210 212 212  95  40  40  39  39 198
 212 212 213 214 213 211 210 210 211 214 111  36  41  41  34 205
 213 213 214 214 213 213 212 212 214 214 108  38  42  40  36 194
 212 213 212 213 212 212 213 212 213 211 113  39  42  35  28 205
 212 213 212 213 212 211 213 212 213 214 104  39  43  40  41 193
 213 212 212 212 213 211 210 210 211 211 112  36  42  39  26 204
 210 211 207 203 194 201 206 210 208 205  90  42  46  38  43 187
  42  63  43  42  57  69  40  55  45  48  37  46  46  38  25 199
 181  78  33  39  28  53  52  39  44  41 155 195 191 193 193  22
  58 181 194 196 196 190 185 195 199 200 198 193 192 194 185  44
  37 193 194 194 193 191 193 191 191 189 190 189 190 191 193  34
  32 188 191 192 194 194 193 191 188 190 192 191 191 192 181  40
  32 188 193 193 194 194 193 191 190 191 190 191 192 191 192  34
 103 191 194 192 194 194 193 191 193 193 168 150 148 153 147  91
 203 196 196 193 192 192 191 192 192 191  90  20  17  20  21 188
 192 191 193 191 192 191 191 193 192 190  95  27  32  27  32 191
 193 193 194 193 193 193 192 193 192 191  87  35  31  28  32 188
 193 194 194 194 193 193 192 192 191 193 105  31  34  29  28 193
 195 195 195 194 193 193 191 192 193 192  96  32  35  30  32 185
 194 196 194 193 192 192 193 192 190 194  96  30  31  27  24 198
 194 196 194 193 192 191 193 192 189 192  94  31  32  33  36 184
 192 193 193 193 192 192 192 192 191 194 102  30  36  30  20 195
 193 195 194 193 186 191 193 195 195 195  82  34  35  27  36 179
  37  58  40  41  55  65  34  47  37  44  31  36  33  27  17 190

  77  80  59  75  65 133 219 219 220 223 207 219 212 224 203 216
 230 229 239 225 236 183  40  53  56  48  49  40  53  35  54  39
 239 244 242 238 233 185  43  52  57  55  53  48  53  52  48  55
 242 242 240 239 239 170  35  58  56  57  58  60  61  63  57  62
 234 241 243 241 241 176  44  55  63  55  59  63  60  58  63  64
 182 236 244 242 239 204 134 136 118 129 133 147 130 134 117  49
  57 232 242 242 237 242 238 241 239 241 242 238 243 242 231  49
  61 229 244 241 238 245 237 241 242 239 241 242 240 236 227  55
  62 225 245 243 243 241 239 242 240 240 242 241 241 238 233  62
  73 217 243 236 239 241 240 239 240 240 241 242 242 241 232  50
  73 228 244 241 241 243 242 239 241 241 242 241 241 238 227  83
  48 229 238 238 243 243 243 241 242 243 243 241 241 240 220  70
  69 231 239 241 240 240 241 241 243 244 244 242 242 244 234  54
  73 242 237 243 237 238 241 243 243 243 243 242 244 243 232  57
 129 213 216 215 224 225 237 241 243 243 242 244 245 243 233  77
 210  73  59  46  52 116 231 241 244 241 242 242 243 243 229  51
  39  55  40  54  42 101 199 201 198 205 194 205 193 204 187 199
 207 202 211 200 209 160  28  36  39  34  36  28  41  26  43  25
 210 212 210 211 209 161  29  39  39  41  40  35  40  39  38  38
 212 212 211 210 208 151  21  39  40  41  42  42  43  42  46  46
 212 212 212 211 209 160  29  35  40  36  38  39  39  36  42  46
 164 211 212 211 210 185 102 105  95 111 108 113 104 112  90  37
  44 209 210 211 213 210 211 213 212 214 214 211 214 211 205  48
  47 207 211 209 211 210 212 213 212 211 214 213 213 211 208  45
  43 206 212 212 211 209 209 210 210 210 212 212 212 210 210  55
  56 197 212 212 211 211 209 209 210 210 212 213 213 210 206  40
  57 204 212 213 212 212 209 209 211 211 213 212 211 211 201  69
  33 208 212 211 212 211 209 212 213 213 213 212 212 213 194  57
  48 209 212 211 211 210 211 212 213 214 214 213 213 212 203  42
  44 211 212 211 212 213 214 213 213 213 214 212 212 212 207  43
  94 192 200 194 200 203 213 214 214 212 213 213 213 212 211  63
 194  61  43  33  32 105 211 212 213 212 213 212 212 213 210  42
  22  44  34  40  34  91 188 191 188 193 185 198 184 195 179 190
 193 185 193 181 192 147  21  32  32  28  32  24  36  20  36  17
 193 194 191 192 191 153  20  27  28  29  30  27  33  30  27  27
 191 192 190 191 192 148  17  32  31  34  35  31  32  36  35  33
 195 193 189 191 191 150  20  27  35  31  32  30  31  30  34  36
 155 198 190 192 190 168  90  95  87 105  96  96  94 102  82  31
  41 200 189 190 191 193 191 190 191 193 192 194 192 194 195  44
  44 199 191 188 190 193 192 192 192 191 193 190 189 191 195  37
  39 195 191 191 191 191 192 193 193 192 192 192 192 192 195  47
  52 185 193 193 193 193 191 191 192 192 191 193 193 192 193  34
  53 190 191 194 194 194 192 191 193 193 193 192 191 192 191  65
  28 196 193 194 194 194 192 192 193 193 193 192 192 192 186  55
  39 196 194 192 193 192 193 191 193 194 194 193 193 193 193  41
  33 194 194 191 193 194 196 193 194 194 195 194 194 193 194  40
  78 181 193 188 188 191 196 191 193 194 195 196 196 193 195  58
 181  58  37  32  32 103 203 192 193 193 195 194 194 192 193  37

 216  39  55  62  64  49  49  55  62  50  83  70  54  57  77  51
 203  54  48  57  63 117 231 227 233 232 227 220 234 232 233 229
 224  35  52  63  58 134 242 236 238 241 238 240 244 243 243 243
 212  53  53  61  60 130 243 240 241 242 241 241 242 244 245 243
 219  40  48  60  63 147 238 242 241 242 241 241 242 242 244 242
 207  49  53  58  59 133 242 241 242 241 242 243 244 243 242 242
 223  48  55  57  55 129 241 239 240 240 241 243 244 243 243 241
 220  56  57  56  63 118 239 242 240 240 241 242 243 243 243 244
 219  53  52  58  55 136 241 241 242 239 239 241 241 243 241 241
 219  40  43  35  44 134 238 237 239 240 242 243 241 241 237 231
 133 183 185 170 176 204 242 245 241 241 243 243 240 238 225 116
  65 236 233 239 241 239 237 238 243 239 241 243 240 237 224  52
  75 225 238 239 241 242 242 241 243 236 241 238 241 243 215  46
  59 239 242 240 243 244 242 244 245 243 244 238 239 237 216  59
  80 229 244 242 241 236 232 229 225 217 228 229 231 242 213  73
  77 230 239 242 234 182  57  61  62  73  73  48  69  73 129 210
 199  25  38  46  46  37  48  45  55  40  69  57  42  43  63  42
 187  43  38  46  42  90 205 208 210 206 201 194 203 207 211 210
 204  26  39  42  36 112 211 211 210 210 211 213 212 212 212 213
 193  41  40  43  39 104 214 213 212 213 211 212 213 212 213 212
 205  28  35  42  39 113 211 213 212 213 212 212 213 212 213 212
 194  36  40  42  38 108 214 214 212 212 213 213 214 214 213 213
 205  34  41  41  36 111 214 211 210 210 211 213 214 213 212 212
 198  39  39  40  40  95 212 212 210 210 211 213 213 213 214 213
 201  36  39  39  35 105 213 213 210 209 209 212 212 213 214 212
 199  28  29  21  29 102 211 212 209 209 209 209 211 214 213 211
 101 160 161 151 160 185 210 210 209 211 212 211 210 213 203 105
  42 209 209 208 209 210 213 211 211 211 212 212 211 212 200  32
  54 200 211 210 211 211 211 209 212 212 213 211 211 211 194  33
  40 211 210 211 212 212 210 211 212 212 212 212 212 212 200  43
  55 202 212 212 212 211 209 207 206 197 204 208 209 211 192  61
  39 207 210 212 212 164  44  47  43  56  57  33  48  44  94 194
 190  17  27  33  36  31  44  37  47  34  65  55  41  40  58  37
 179  36  27  35  34  82 195 195 195 193 191 186 193 194 195 193
 195  20  30  36  30 102 194 191 192 192 192 192 193 193 193 192
 184  36  33  32  31  94 192 189 192 193 191 192 193 194 196 194
 198  24  27  31  30  96 194 190 192 193 192 192 193 194 196 194
 185  32  30  35  32  96 192 193 192 191 193 193 194 195 195 195
 193  28  29  34  31 105 193 191 192 192 193 193 194 194 194 193
 188  32  28  31  35  87 191 192 193 192 193 193 193 194 193 193
 191  32  27  32  27  95 190 192 193 191 191 192 191 193 191 192
 188  21  20  17  20  90 191 192 192 191 192 192 193 196 196 203
  91 147 153 148 150 168 193 193 191 193 194 194 192 194 191 103
  34 192 191 192 191 190 191 190 191 193 194 194 193 193 188  32
  40 181 192 191 191 192 190 188 191 193 194 194 192 191 188  32
  34 193 191 190 189 190 189 191 191 193 191 193 194 194 193  37
  44 185 194 192 193 198 200 199 195 185 190 196 196 194 181  58
  22 193 193 191 195 155  41  44  39  52  53  28  39  33  78 181

  51 229 243 243 242 242 241 244 241 231 116  52  46  59  73 210
  77 233 243 245 244 242 243 243 241 237 225 224 215 216 213 129
  57 232 243 244 242 243 243 243 243 241 238 237 243 237 242  73
  54 234 244 242 242 244 244 243 241 241 240 240 241 239 231  69
  70 220 240 241 241 243 243 242 241 243 243 243 238 238 229  48
  83 227 238 241 241 242 241 241 239 242 243 241 241 244 228  73
  50 232 241 242 242 241 240 240 239 240 241 239 236 243 217  73
  62 233 238 241 241 242 240 240 242 239 241 243 243 245 225  62
  55 227 236 240 242 241 239 242 241 237 245 238 241 244 229  61
  49 231 242 243 238 242 241 239 241 238 242 237 242 242 232  57
  49 117 134 130 147 133 129 118 136 134 204 239 242 244 236 182
  64  63  58  60  63  59  55  63  55  44 176 241 241 243 241 234
  62  57  63  61  60  58  57  56  58  35 170 239 239 240 242 242
  55  48  52  53  48  53  55  57  52  43 185 233 238 242 244 239
  39  54  35  53  40  49  48  56  53  40 183 236 225 239 229 230
 216 203 224 212 219 207 223 220 219 219 133  65  75  59  80  77
  42 210 213 212 212 213 212 213 212 211 105  32  33  43  61 194
  63 211 212 213 213 213 212 214 214 213 203 200 194 200 192  94
  43 207 212 212 212 214 213 213 213 214 213 212 211 212 211  44
  42 203 212 213 213 214 214 213 212 211 210 211 211 212 209  48
  57 194 213 212 212 213 213 213 212 209 211 212 211 212 208  33
  69 201 211 211 212 213 211 211 209 209 212 212 213 212 204  57
  40 206 210 213 213 212 210 210 209 209 211 211 212 212 197  56
  55 210 210 212 212 212 210 210 210 209 209 211 212 212 206  43
  45 208 211 213 213 214 211 212 213 212 210 211 209 211 207  47
  48 205 211 214 211 214 214 212 213 211 210 213 211 210 209  44
  37  90 112 104 113 108 111  95 105 102 185 210 211 212 211 164
  46  42  36  39  39  38  36  40  35  29 160 209 211 212 212 212
  46  46  42  43  42  42  41  40  39  21 151 208 210 211 212 212
  38  38  39  40  35  40  41  39  39  29 161 209 211 210 212 210
  25  43  26  41  28  36  34  39  36  28 160 209 200 211 202 207
 199 187 204 193 205 194 205 198 201 199 101  42  54  40  55  39
  37 193 192 194 194 195 193 193 192 203 103  32  32  37  58 181
  58 195 193 196 196 195 194 193 191 196 191 188 188 193 181  78
  40 194 193 194 194 195 194 194 193 196 194 193 191 194 194  33
  41 193 193 193 193 194 194 193 191 193 192 193 192 194 196  39
  55 186 192 192 192 193 193 193 192 192 194 194 194 193 196  28
  65 191 192 191 192 193 193 193 191 192 194 194 194 191 190  53
  34 193 192 193 193 191 192 192 191 191 193 193 193 193 185  52
  47 195 192 192 192 192 192 193 193 192 191 191 191 191 195  39
  37 195 191 189 190 193 191 192 192 192 193 190 188 191 199  44
  44 195 194 192 194 192 193 191 190 191 193 191 190 189 200  41
  31  82 102  94  96  96 105  87  95  90 168 190 192 190 198 155
  36  34  30  31  30  32  31  35  27  20 150 191 191 189 193 195
  33  35  36  32  31  35  34  31  32  17 148 192 191 190 192 191
  27  27  30  33  27  30  29  28  27  20 153 191 192 191 194 193
  17  36  20  36  24  32  28  32  32  21 147 192 181 193 185 193
 190 179 195 184 198 185 193 188 191 188  91  34  40  34  44  22

