  64  53  49  53  57  73  72  72  74  60  52  48  55  54  42 169
  53 114 148 160 174 173 165 166 184 167 157 184 186 184 178 132
  47 185 236 238 231 230 231 236 239 240 240 238 237 239 234 120
  53 193 240 241 238 237 235 237 239 240 243 242 236 239 233 118
  46 175 236 244 240 238 239 237 238 241 241 241 240 240 240 126
  43 177 226 225 225 230 221 223 230 235 229 232 239 216 207 134
  58  44  58  78  71  62  60  78  68  30  38  46  42  48  48 167
  60  56  61  73  71  73  81  82  76  68  61  61  64  62  55 152
  67  59  63  67  69  79  81  80  76  66  60  59  60  61  50 141
  64  57  59  64  71  80  86  85  78  68  62  59  59  61  50 143
  83  73  84  97  78  94 102 110 100 104 104  54  65  63  56 142
 225 240 241 238 234 234 231 228 232 235 201  54  61  65  54 150
 240 238 239 239 239 239 239 240 240 241 214  59  63  63  50 145
 239 242 241 240 241 240 241 241 240 236 220  49  63  61  57 142
 240 240 236 234 236 238 239 236 234 231 207  42  63  59  58 140
 145 143 153 149 145 142 149 111 109 105 101  52  57  60  56 130
  43  31  28  31  29  45  46  43  42  30  25  26  33  29  22 152
  33  93 129 142 151 146 141 144 169 159 143 168 161 154 158 115
  28 172 210 209 211 209 206 205 206 206 206 207 208 209 206  97
  34 173 210 208 210 210 210 209 209 208 208 208 208 207 208 101
  31 156 207 209 208 208 209 210 209 207 206 207 208 206 209 110
  29 161 206 208 208 211 199 202 203 204 203 206 207 191 188 116
  41  33  46  69  62  56  59  66  57  27  33  37  34  39  38 150
  45  40  39  52  49  52  56  56  52  47  42  41  44  44  33 135
  45  41  41  47  49  59  61  57  51  47  42  42  42  43  33 128
  43  39  40  45  50  59  62  59  50  45  42  40  40  42  33 134
  56  49  62  73  54  70  78  86  81  89  86  26  38  41  37 127
 201 212 211 210 210 210 209 207 211 208 177  33  40  43  34 115
 208 209 207 208 209 209 209 209 210 208 187  38  43  42  30 124
 208 209 208 208 208 207 207 207 209 208 195  26  44  43  38 130
 209 209 208 205 205 205 207 205 209 207 185  21  40  40  39 126
 132 130 134 129 125 122 129  94  96  91  83  34  39  43  36 113
  33  22  21  30  27  36  38  35  35  23  17  18  26  22  16 148
  24  88 120 138 147 138 136 138 162 150 134 159 153 148 149 103
  20 169 197 195 195 192 195 190 191 192 192 190 190 189 191  88
  25 166 192 190 191 188 188 187 188 188 190 190 189 190 192  98
  22 146 190 189 190 191 189 188 188 189 189 189 188 190 194 103
  20 153 193 195 194 196 186 190 192 192 188 190 192 171 172 101
  32  27  42  63  53  44  51  62  55  25  30  35  32  34  35 143
  33  29  30  42  38  40  44  46  44  39  32  31  33  35  25 133
  34  32  33  39  40  48  48  45  40  35  31  31  32  35  23 126
  30  28  31  36  39  45  47  43  35  31  29  29  31  34  23 131
  49  41  53  62  46  63  71  81  74  81  78  21  33  35  27 124
 186 195 194 192 191 194 196 197 196 194 165  25  34  37  28  98
 190 188 190 191 190 187 188 190 187 189 170  26  34  35  25 118
 190 188 189 190 189 188 190 189 187 188 178  14  33  33  29 124
 193 192 190 191 192 191 192 190 191 192 175  17  39  34  29 120
 125 124 128 123 120 117 123  86  92  88  78  27  26  26  27 107

 169 132 120 118 126 134 167 152 141 143 142 150 145 142 140 130
  42 178 234 233 240 207  48  55  50  50  56  54  50  57  58  56
  54 184 239 239 240 216  48  62  61  61  63  65  63  61  59  60
  55 186 237 236 240 239  42  64  60  59  65  61  63  63  63  57
  48 184 238 242 241 232  46  61  59  59  54  54  59  49  42  52
  52 157 240 243 241 229  38  61  60  62 104 201 214 220 207 101
  60 167 240 240 241 235  30  68  66  68 104 235 241 236 231 105
  74 184 239 239 238 230  68  76  76  78 100 232 240 240 234 109
  72 166 236 237 237 223  78  82  80  85 110 228 240 241 236 111
  72 165 231 235 239 221  60  81  81  86 102 231 239 241 239 149
  73 173 230 237 238 230  62  73  79  80  94 234 239 240 238 142
  57 174 231 238 240 225  71  71  69  71  78 234 239 241 236 145
  53 160 238 241 244 225  78  73  67  64  97 238 239 240 234 149
  49 148 236 240 236 226  58  61  63  59  84 241 239 241 236 153
  53 114 185 193 175 177  44  56  59  57  73 240 238 242 240 143
  64  53  47  53  46  43  58  60  67  64  83 225 240 239 240 145
 152 115  97 101 110 116 150 135 128 134 127 115 124 130 126 113
  22 158 206 208 209 188  38  33  33  33  37  34  30  38  39  36
  29 154 209 207 206 191  39  44  43  42  41  43  42  43  40  43
  33 161 208 208 208 207  34  44  42  40  38  40  43  44  40  39
  26 168 207 208 207 206  37  41  42  40  26  33  38  26  21  34
  25 143 206 208 206 203  33  42  42  42  86 177 187 195 185  83
  30 159 206 208 207 204  27  47  47  45  89 208 208 208 207  91
  42 169 206 209 209 203  57  52  51  50  81 211 210 209 209  96
  43 144 205 209 210 202  66  56  57  59  86 207 209 207 205  94
  46 141 206 210 209 199  59  56  61  62  78 209 209 207 207 129
  45 146 209 210 208 211  56  52  59  59  70 210 209 207 205 122
  29 151 211 210 208 208  62  49  49  50  54 210 209 208 205 125
  31 142 209 208 209 208  69  52  47  45  73 210 208 208 205 129
  28 129 210 210 207 206  46  39  41  40  62 211 207 208 208 134
  31  93 172 173 156 161  33  40  41  39  49 212 209 209 209 130
  43  33  28  34  31  29  41  45  45  43  56 201 208 208 209 132
 148 103  88  98 103 101 143 133 126 131 124  98 118 124 120 107
  16 149 191 192 194 172  35  25  23  23  27  28  25  29  29  27
  22 148 189 190 190 171  34  35  35  34  35  37  35  33  34  26
  26 153 190 189 188 192  32  33  32  31  33  34  34  33  39  26
  18 159 190 190 189 190  35  31  31  29  21  25  26  14  17  27
  17 134 192 190 189 188  30  32  31  29  78 165 170 178 175  78
  23 150 192 188 189 192  25  39  35  31  81 194 189 188 192  88
  35 162 191 188 188 192  55  44  40  35  74 196 187 187 191  92
  35 138 190 187 188 190  62  46  45  43  81 197 190 189 190  86
  38 136 195 188 189 186  51  44  48  47  71 196 188 190 192 123
  36 138 192 188 191 196  44  40  48  45  63 194 187 188 191 117
  27 147 195 191 190 194  53  38  40  39  46 191 190 189 192 120
  30 138 195 190 189 195  63  42  39  36  62 192 191 190 191 123
  21 120 197 192 190 193  42  30  33  31  53 194 190 189 190 128
  22  88 169 166 146 153  27  29  32  28  41 195 188 188 192 124
  33  24  20  25  22  20  32  33  34  30  49 186 190 190 193 125

 130  56  60  57  52 101 105 109 111 149 142 145 149 153 143 145
 140  58  59  63  42 207 231 234 236 239 238 236 234 236 240 240
 142  57  61  63  49 220 236 240 241 241 240 241 240 241 242 239
 145  50  63  63  59 214 241 240 240 239 239 239 239 239 238 240
 150  54  65  61  54 201 235 232 228 231 234 234 238 241 240 225
 142  56  63  65  54 104 104 100 110 102  94  78  97  84  73  83
 143  50  61  59  59  62  68  78  85  86  80  71  64  59  57  64
 141  50  61  60  59  60  66  76  80  81  79  69  67  63  59  67
 152  55  62  64  61  61  68  76  82  81  73  71  73  61  56  60
 167  48  48  42  46  38  30  68  78  60  62  71  78  58  44  58
 134 207 216 239 232 229 235 230 223 221 230 225 225 226 177  43
 126 240 240 240 241 241 241 238 237 239 238 240 244 236 175  46
 118 233 239 236 242 243 240 239 237 235 237 238 241 240 193  53
 120 234 239 237 238 240 240 239 236 231 230 231 238 236 185  47
 132 178 184 186 184 157 167 184 166 165 173 174 160 148 114  53
 169  42  54  55  48  52  60  74  72  72  73  57  53  49  53  64
 113  36  43  39  34  83  91  96  94 129 122 125 129 134 130 132
 126  39  40  40  21 185 207 209 205 207 205 205 205 208 209 209
 130  38  43  44  26 195 208 209 207 207 207 208 208 208 209 208
 124  30  42  43  38 187 208 210 209 209 209 209 208 207 209 208
 115  34  43  40  33 177 208 211 207 209 210 210 210 211 212 201
 127  37  41  38  26  86  89  81  86  78  70  54  73  62  49  56
 134  33  42  40  40  42  45  50  59  62  59  50  45  40  39  43
 128  33  43  42  42  42  47  51  57  61  59  49  47  41  41  45
 135  33  44  44  41  42  47  52  56  56  52  49  52  39  40  45
 150  38  39  34  37  33  27  57  66  59  56  62  69  46  33  41
 116 188 191 207 206 203 204 203 202 199 211 208 208 206 161  29
 110 209 206 208 207 206 207 209 210 209 208 208 209 207 156  31
 101 208 207 208 208 208 208 209 209 210 210 210 208 210 173  34
  97 206 209 208 207 206 206 206 205 206 209 211 209 210 172  28
 115 158 154 161 168 143 159 169 144 141 146 151 142 129  93  33
 152  22  29  33  26  25  30  42  43  46  45  29  31  28  31  43
 107  27  26  26  27  78  88  92  86 123 117 120 123 128 124 125
 120  29  34  39  17 175 192 191 190 192 191 192 191 190 192 193
 124  29  33  33  14 178 188 187 189 190 188 189 190 189 188 190
 118  25  35  34  26 170 189 187 190 188 187 190 191 190 188 190
  98  28  37  34  25 165 194 196 197 196 194 191 192 194 195 186
 124  27  35  33  21  78  81  74  81  71  63  46  62  53  41  49
 131  23  34  31  29  29  31  35  43  47  45  39  36  31  28  30
 126  23  35  32  31  31  35  40  45  48  48  40  39  33  32  34
 133  25  35  33  31  32  39  44  46  44  40  38  42  30  29  33
 143  35  34  32  35  30  25  55  62  51  44  53  63  42  27  32
 101 172 171 192 190 188 192 192 190 186 196 194 195 193 153  20
 103 194 190 188 189 189 189 188 188 189 191 190 189 190 146  22
  98 192 190 189 190 190 188 188 187 188 188 191 190 192 166  25
  88 191 189 190 190 192 192 191 190 195 192 195 195 197 169  20
 103 149 148 153 159 134 150 162 138 136 138 147 138 120  88  24
 148  16  22  26  18  17  23  35  35  38  36  27  30  21  22  33

 145 240 239 240 225  83  64  67  60  58  43  46  53  47  53  64
 143 240 242 238 240  73  57  59  56  44 177 175 193 185 114  53
 153 236 241 239 241  84  59  63  61  58 226 236 240 236 148  49
 149 234 240 239 238  97  64  67  73  78 225 244 241 238 160  53
 145 236 241 239 234  78  71  69  71  71 225 240 238 231 174  57
 142 238 240 239 234  94  80  79  73  62 230 238 237 230 173  73
 149 239 241 239 231 102  86  81  81  60 221 239 235 231 165  72
 111 236 241 240 228 110  85  80  82  78 223 237 237 236 166  72
 109 234 240 240 232 100  78  76  76  68 230 238 239 239 184  74
 105 231 236 241 235 104  68  66  68  30 235 241 240 240 167  60
 101 207 220 214 201 104  62  60  61  38 229 241 243 240 157  52
  52  42  49  59  54  54  59  59  61  46 232 241 242 238 184  48
  57  63  63  63  61  65  59  60  64  42 239 240 236 237 186  55
  60  59  61  63  65  63  61  61  62  48 216 240 239 239 184  54
  56  58  57  50  54  56  50  50  55  48 207 240 233 234 178  42
 130 140 142 145 150 142 143 141 152 167 134 126 118 120 132 169
 132 209 208 208 201  56  43  45  45  41  29  31  34  28  33  43
 130 209 209 209 212  49  39  41  40  33 161 156 173 172  93  31
 134 208 208 207 211  62  40  41  39  46 206 207 210 210 129  28
 129 205 208 208 210  73  45  47  52  69 208 209 208 209 142  31
 125 205 208 209 210  54  50  49  49  62 208 208 210 211 151  29
 122 205 207 209 210  70  59  59  52  56 211 208 210 209 146  45
 129 207 207 209 209  78  62  61  56  59 199 209 210 206 141  46
  94 205 207 209 207  86  59  57  56  66 202 210 209 205 144  43
  96 209 209 210 211  81  50  51  52  57 203 209 209 206 169  42
  91 207 208 208 208  89  45  47  47  27 204 207 208 206 159  30
  83 185 195 187 177  86  42  42  42  33 203 206 208 206 143  25
  34  21  26  38  33  26  40  42  41  37 206 207 208 207 168  26
  39  40  44  43  40  38  40  42  44  34 207 208 208 208 161  33
  43  40  43  42  43  41  42  43  44  39 191 206 207 209 154  29
  36  39  38  30  34  37  33  33  33  38 188 209 208 206 158  22
 113 126 130 124 115 127 134 128 135 150 116 110 101  97 115 152
 125 193 190 190 186  49  30  34  33  32  20  22  25  20  24  33
 124 192 188 188 195  41  28  32  29  27 153 146 166 169  88  22
 128 190 189 190 194  53  31  33  30  42 193 190 192 197 120  21
 123 191 190 191 192  62  36  39  42  63 195 189 190 195 138  30
 120 192 189 190 191  46  39  40  38  53 194 190 191 195 147  27
 117 191 188 187 194  63  45  48  40  44 196 191 188 192 138  36
 123 192 190 188 196  71  47  48  44  51 186 189 188 195 136  38
  86 190 189 190 197  81  43  45  46  62 190 188 187 190 138  35
  92 191 187 187 196  74  35  40  44  55 192 188 188 191 162  35
  88 192 188 189 194  81  31  35  39  25 192 189 188 192 150  23
  78 175 178 170 165  78  29  31  32  30 188 189 190 192 134  17
  27  17  14  26  25  21  29  31  31  35 190 189 190 190 159  18
  26  39  33  34  34  33  31  32  33  32 192 188 189 190 153  26
  26  34  33  35  37  35  34  35  35  34 171 190 190 189 148  22
  27  29  29  25  28  27  23  23  25  35 172 194 192 191 149  16
 107 120 124 118  98 124 131 126 133 143 101 103  98  88 103 148

