 238 148  67  67  60  69  68  64  68  68  63 223 239 238 242 172
 239 147  64  64  71  68  66  63  65  67  54 227 239 239 240 180
 244 139  62  66  65  68  67  64  64  64  59 225 237 242 243 180
 243 138  61  69  66  64  67  67  65  63  58 227 239 243 244 174
 242 153  67  70  67  70  71  67  63  59  46 226 240 243 240 183
 244 146  65  67  66  66  65  67  63  60  59 224 241 242 242 178
 242 147  61  70  69  64  64  64  64  60  58 226 242 243 243 174
 245 155  72  64  63  61  63  64  61  63  56 230 243 241 246 170
 242 144  56  62  59  63  68  66  62  65  70 223 242 241 242 172
 241 157  65  68  66  67  68  64  65  64  61 228 242 243 239 174
 228 168  67  47  64  56  52  49  64  50  75 234 243 243 242 167
  56 168 225 221 215 219 217 214 196 205 213 240 244 243 243 170
  46 151 237 239 240 242 241 241 241 238 240 242 242 242 244 165
  51 145 237 245 244 241 240 244 245 243 242 242 240 238 242 160
  50 149 242 242 244 243 242 243 245 245 244 243 243 245 244 167
 143 208 242 240 244 244 243 243 245 245 238 209 195 208 217 164
 214 118  40  49  45  43  47  47  48  46  48 207 213 214 212 148
 213 114  37  47  46  45  44  46  45  46  45 208 212 213 213 158
 212 115  38  46  47  48  46  47  47  43  46 204 211 213 213 150
 210 110  41  46  46  49  47  48  49  44  47 204 210 212 215 153
 214 118  41  49  47  49  44  46  44  42  38 206 210 211 213 159
 214 122  37  50  46  49  45  44  44  43  48 206 209 212 213 146
 212 122  38  50  45  44  45  43  43  44  46 206 210 212 212 155
 214 122  40  47  47  48  47  44  41  39  46 209 211 212 213 156
 214 116  36  45  44  46  47  45  44  44  57 207 213 212 213 144
 216 134  43  45  43  46  50  46  43  44  48 207 213 212 213 146
 209 130  29  26  45  37  30  27  43  28  51 206 212 213 211 142
  47 147 206 202 191 191 190 191 175 183 187 212 213 214 213 145
  31 137 211 213 212 212 211 211 212 212 212 213 212 212 212 145
  34 137 212 212 212 213 213 213 212 212 211 213 213 213 213 136
  29 136 210 213 213 212 212 213 214 213 212 211 213 214 213 136
 112 180 212 215 213 213 212 212 214 213 209 185 175 189 195 140
 196 105  33  39  37  35  39  36  37  35  43 198 194 195 196 134
 193 101  29  36  37  38  38  38  32  32  36 203 193 194 196 143
 194 106  30  39  37  42  38  37  36  34  39 198 193 195 195 136
 193  97  34  37  37  39  40  38  37  37  44 196 193 197 193 141
 194 103  33  35  36  42  40  35  34  36  37 201 193 198 190 141
 192 109  35  37  34  38  36  36  33  33  45 201 192 196 194 127
 193 102  33  39  38  37  38  36  35  28  41 198 193 193 195 137
 197 105  27  37  39  39  37  35  35  31  43 197 195 194 196 132
 196 101  33  39  37  38  39  37  38  34  53 197 194 194 195 126
 198 117  33  34  33  37  41  37  36  32  42 200 193 193 194 128
 198 113  21  19  39  29  23  20  35  21  48 200 197 193 191 127
  45 139 190 186 177 179 181 180 163 170 176 200 196 192 194 130
  28 133 196 193 194 194 195 193 193 193 194 195 194 193 195 131
  28 132 199 194 194 195 194 194 194 194 192 193 194 194 196 123
  23 130 195 193 196 194 194 195 197 195 195 195 196 196 193 119
 104 172 199 193 196 195 195 194 197 195 194 175 166 181 184 130

 172 180 180 174 183 178 174 170 172 174 167 170 165 160 167 164
 242 240 243 244 240 242 243 246 242 239 242 243 244 242 244 217
 238 239 242 243 243 242 243 241 241 243 243 243 242 238 245 208
 239 239 237 239 240 241 242 243 242 242 243 244 242 240 243 195
 223 227 225 227 226 224 226 230 223 228 234 240 242 242 243 209
  63  54  59  58  46  59  58  56  70  61  75 213 240 242 244 238
  68  67  64  63  59  60  60  63  65  64  50 205 238 243 245 245
  68  65  64  65  63  63  64  61  62  65  64 196 241 245 245 245
  64  63  64  67  67  67  64  64  66  64  49 214 241 244 243 243
  68  66  67  67  71  65  64  63  68  68  52 217 241 240 242 243
  69  68  68  64  70  66  64  61  63  67  56 219 242 241 243 244
  60  71  65  66  67  66  69  63  59  66  64 215 240 244 244 244
  67  64  66  69  70  67  70  64  62  68  47 221 239 245 242 240
  67  64  62  61  67  65  61  72  56  65  67 225 237 237 242 242
 148 147 139 138 153 146 147 155 144 157 168 168 151 145 149 208
 238 239 244 243 242 244 242 245 242 241 228  56  46  51  50 143
 148 158 150 153 159 146 155 156 144 146 142 145 145 136 136 140
 212 213 213 215 213 213 212 213 213 213 211 213 212 213 213 195
 214 213 213 212 211 212 212 212 212 212 213 214 212 213 214 189
 213 212 211 210 210 209 210 211 213 213 212 213 212 213 213 175
 207 208 204 204 206 206 206 209 207 207 206 212 213 213 211 185
  48  45  46  47  38  48  46  46  57  48  51 187 212 211 212 209
  46  46  43  44  42  43  44  39  44  44  28 183 212 212 213 213
  48  45  47  49  44  44  43  41  44  43  43 175 212 212 214 214
  47  46  47  48  46  44  43  44  45  46  27 191 211 213 213 212
  47  44  46  47  44  45  45  47  47  50  30 190 211 213 212 212
  43  45  48  49  49  49  44  48  46  46  37 191 212 213 212 213
  45  46  47  46  47  46  45  47  44  43  45 191 212 212 213 213
  49  47  46  46  49  50  50  47  45  45  26 202 213 212 213 215
  40  37  38  41  41  37  38  40  36  43  29 206 211 212 210 212
 118 114 115 110 118 122 122 122 116 134 130 147 137 137 136 180
 214 213 212 210 214 214 212 214 214 216 209  47  31  34  29 112
 134 143 136 141 141 127 137 132 126 128 127 130 131 123 119 130
 196 196 195 193 190 194 195 196 195 194 191 194 195 196 193 184
 195 194 195 197 198 196 193 194 194 193 193 192 193 194 196 181
 194 193 193 193 193 192 193 195 194 193 197 196 194 194 196 166
 198 203 198 196 201 201 198 197 197 200 200 200 195 193 195 175
  43  36  39  44  37  45  41  43  53  42  48 176 194 192 195 194
  35  32  34  37  36  33  28  31  34  32  21 170 193 194 195 195
  37  32  36  37  34  33  35  35  38  36  35 163 193 194 197 197
  36  38  37  38  35  36  36  35  37  37  20 180 193 194 195 194
  39  38  38  40  40  36  38  37  39  41  23 181 195 194 194 195
  35  38  42  39  42  38  37  39  38  37  29 179 194 195 194 195
  37  37  37  37  36  34  38  39  37  33  39 177 194 194 196 196
  39  36  39  37  35  37  39  37  39  34  19 186 193 194 193 193
  33  29  30  34  33  35  33  27  33  33  21 190 196 199 195 199
 105 101 106  97 103 109 102 105 101 117 113 139 133 132 130 172
 196 193 194 193 194 192 193 197 196 198 198  45  28  28  23 104

 164 217 208 195 209 238 245 245 243 243 244 244 240 242 208 143
 167 244 245 243 243 244 245 245 243 242 243 244 242 242 149  50
 160 242 238 240 242 242 243 245 244 240 241 244 245 237 145  51
 165 244 242 242 242 240 238 241 241 241 242 240 239 237 151  46
 170 243 243 244 240 213 205 196 214 217 219 215 221 225 168  56
 167 242 243 243 234  75  50  64  49  52  56  64  47  67 168 228
 174 239 243 242 228  61  64  65  64  68  67  66  68  65 157 241
 172 242 241 242 223  70  65  62  66  68  63  59  62  56 144 242
 170 246 241 243 230  56  63  61  64  63  61  63  64  72 155 245
 174 243 243 242 226  58  60  64  64  64  64  69  70  61 147 242
 178 242 242 241 224  59  60  63  67  65  66  66  67  65 146 244
 183 240 243 240 226  46  59  63  67  71  70  67  70  67 153 242
 174 244 243 239 227  58  63  65  67  67  64  66  69  61 138 243
 180 243 242 237 225  59  64  64  64  67  68  65  66  62 139 244
 180 240 239 239 227  54  67  65  63  66  68  71  64  64 147 239
 172 242 238 239 223  63  68  68  64  68  69  60  67  67 148 238
 140 195 189 175 185 209 213 214 212 212 213 213 215 212 180 112
 136 213 214 213 211 212 213 214 213 212 212 213 213 210 136  29
 136 213 213 213 213 211 212 212 213 213 213 212 212 212 137  34
 145 212 212 212 213 212 212 212 211 211 212 212 213 211 137  31
 145 213 214 213 212 187 183 175 191 190 191 191 202 206 147  47
 142 211 213 212 206  51  28  43  27  30  37  45  26  29 130 209
 146 213 212 213 207  48  44  43  46  50  46  43  45  43 134 216
 144 213 212 213 207  57  44  44  45  47  46  44  45  36 116 214
 156 213 212 211 209  46  39  41  44  47  48  47  47  40 122 214
 155 212 212 210 206  46  44  43  43  45  44  45  50  38 122 212
 146 213 212 209 206  48  43  44  44  45  49  46  50  37 122 214
 159 213 211 210 206  38  42  44  46  44  49  47  49  41 118 214
 153 215 212 210 204  47  44  49  48  47  49  46  46  41 110 210
 150 213 213 211 204  46  43  47  47  46  48  47  46  38 115 212
 158 213 213 212 208  45  46  45  46  44  45  46  47  37 114 213
 148 212 214 213 207  48  46  48  47  47  43  45  49  40 118 214
 130 184 181 166 175 194 195 197 194 195 195 196 193 199 172 104
 119 193 196 196 195 195 195 197 195 194 194 196 193 195 130  23
 123 196 194 194 193 192 194 194 194 194 195 194 194 199 132  28
 131 195 193 194 195 194 193 193 193 195 194 194 193 196 133  28
 130 194 192 196 200 176 170 163 180 181 179 177 186 190 139  45
 127 191 193 197 200  48  21  35  20  23  29  39  19  21 113 198
 128 194 193 193 200  42  32  36  37  41  37  33  34  33 117 198
 126 195 194 194 197  53  34  38  37  39  38  37  39  33 101 196
 132 196 194 195 197  43  31  35  35  37  39  39  37  27 105 197
 137 195 193 193 198  41  28  35  36  38  37  38  39  33 102 193
 127 194 196 192 201  45  33  33  36  36  38  34  37  35 109 192
 141 190 198 193 201  37  36  34  35  40  42  36  35  33 103 194
 141 193 197 193 196  44  37  37  38  40  39  37  37  34  97 193
 136 195 195 193 198  39  34  36  37  38  42  37  39  30 106 194
 143 196 194 193 203  36  32  32  38  38  38  37  36  29 101 193
 134 196 195 194 198  43  35  37  36  39  35  37  39  33 105 196

 143  50  51  46  56 228 241 242 245 242 244 242 243 244 239 238
 208 149 145 151 168 168 157 144 155 147 146 153 138 139 147 148
 242 242 237 237 225  67  65  56  72  61  65  67  61  62  64  67
 240 242 245 239 221  47  68  62  64  70  67  70  69  66  64  67
 244 244 244 240 215  64  66  59  63  69  66  67  66  65  71  60
 244 243 241 242 219  56  67  63  61  64  66  70  64  68  68  69
 243 242 240 241 217  52  68  68  63  64  65  71  67  67  66  68
 243 243 244 241 214  49  64  66  64  64  67  67  67  64  63  64
 245 245 245 241 196  64  65  62  61  64  63  63  65  64  65  68
 245 245 243 238 205  50  64  65  63  60  60  59  63  64  67  68
 238 244 242 240 213  75  61  70  56  58  59  46  58  59  54  63
 209 243 242 242 240 234 228 223 230 226 224 226 227 225 227 223
 195 243 240 242 244 243 242 242 243 242 241 240 239 237 239 239
 208 245 238 242 243 243 243 241 241 243 242 243 243 242 239 238
 217 244 242 244 243 242 239 242 246 243 242 240 244 243 240 242
 164 167 160 165 170 167 174 172 170 174 178 183 174 180 180 172
 112  29  34  31  47 209 216 214 214 212 214 214 210 212 213 214
 180 136 137 137 147 130 134 116 122 122 122 118 110 115 114 118
 212 210 212 211 206  29  43  36  40  38  37  41  41  38  37  40
 215 213 212 213 202  26  45  45  47  50  50  49  46  46  47  49
 213 213 212 212 191  45  43  44  47  45  46  47  46  47  46  45
 213 212 213 212 191  37  46  46  48  44  49  49  49  48  45  43
 212 212 213 211 190  30  50  47  47  45  45  44  47  46  44  47
 212 213 213 211 191  27  46  45  44  43  44  46  48  47  46  47
 214 214 212 212 175  43  43  44  41  43  44  44  49  47  45  48
 213 213 212 212 183  28  44  44  39  44  43  42  44  43  46  46
 209 212 211 212 187  51  48  57  46  46  48  38  47  46  45  48
 185 211 213 213 212 206 207 207 209 206 206 206 204 204 208 207
 175 213 213 212 213 212 213 213 211 210 209 210 210 211 212 213
 189 214 213 212 214 213 212 212 212 212 212 211 212 213 213 214
 195 213 213 212 213 211 213 213 213 212 213 213 215 213 213 212
 140 136 136 145 145 142 146 144 156 155 146 159 153 150 158 148
 104  23  28  28  45 198 198 196 197 193 192 194 193 194 193 196
 172 130 132 133 139 113 117 101 105 102 109 103  97 106 101 105
 199 195 199 196 190  21  33  33  27  33  35  33  34  30  29  33
 193 193 194 193 186  19  34  39  37  39  37  35  37  39  36  39
 196 196 194 194 177  39  33  37  39  38  34  36  37  37  37  37
 195 194 195 194 179  29  37  38  39  37  38  42  39  42  38  35
 195 194 194 195 181  23  41  39  37  38  36  40  40  38  38  39
 194 195 194 193 180  20  37  37  35  36  36  35  38  37  38  36
 197 197 194 193 163  35  36  38  35  35  33  34  37  36  32  37
 195 195 194 193 170  21  32  34  31  28  33  36  37  34  32  35
 194 195 192 194 176  48  42  53  43  41  45  37  44  39  36  43
 175 195 193 195 200 200 200 197 197 198 201 201 196 198 203 198
 166 196 194 194 196 197 193 194 195 193 192 193 193 193 193 194
 181 196 194 193 192 193 193 194 194 193 196 198 197 195 194 195
 184 193 196 195 194 191 194 195 196 195 194 190 193 195 196 196
 130 119 123 131 130 127 128 126 132 137 127 141 141 136 143 134

