 239 100  60  58  58  58  59  55  52  54 119 229 239 238 239  90
 244  99  56  56  58  59  58  60  49  48 117 234 241 238 236  93
 235  92  58  56  58  58  57  54  50  48 121 235 239 240 235 102
 235  91  55  56  61  61  54  56  56  56 125 234 237 241 237  96
 233  85  57  55  60  65  67  56  56  54 121 222 242 242 235  86
 213 127  98  68  69  72  65  79  81  71 160 235 240 236 236  86
  25 172 229 229 219 226 225 214 232 228 232 235 235 236 235  99
  38 196 233 238 236 240 237 234 236 238 238 239 239 239 236 105
  52 187 235 237 233 235 238 237 240 240 240 239 239 239 235  88
  41 197 234 234 236 235 231 236 239 237 237 234 238 240 234  79
  49 108 147 146 151 154 153 151 134 149 160 160 151 159 160 131
  61  51  54  46  47  49  54  52  47  42  37  36  45  35  40 185
  61  62  62  63  62  63  66  63  62  63  59  61  53  52  35 187
  61  63  61  59  58  60  65  66  65  62  61  60  53  48  40 190
  60  62  62  59  58  60  64  62  60  60  60  59  54  54  44 207
  58  59  60  55  59  62  62  62  61  62  62  60  56  55  49 186
 208  79  39  37  39  39  40  38  41  35 102 209 208 207 209  77
 212  81  37  38  39  41  41  36  40  33  98 209 209 207 210  70
 209  74  40  38  40  41  41  37  38  33 105 209 211 208 208  72
 209  75  40  38  38  42  42  40  39  34 116 206 210 206 210  76
 206  69  39  40  39  38  42  38  38  29 111 209 208 207 207  72
 188 107  67  56  66  68  52  55  57  58 142 208 206 208 209  72
  30 169 207 205 204 206 204 201 205 206 207 208 208 208 210  76
  24 180 205 207 207 206 203 206 208 207 207 208 208 209 211  70
  30 170 205 207 207 206 205 206 208 208 207 207 208 208 208  79
  29 185 206 206 207 207 205 208 206 206 207 205 206 206 208  61
  30  99 133 134 135 138 139 139 128 135 142 145 137 146 148 115
  43  34  36  28  34  36  35  32  27  31  28  24  29  23  24 172
  43  43  43  41  43  45  46  42  44  41  41  42  36  37  25 174
  43  46  42  40  43  48  48  47  46  43  42  43  39  35  27 172
  42  44  44  41  43  44  44  42  40  40  42  43  36  35  24 185
  39  41  41  36  42  44  43  42  41  42  44  43  37  38  32 170
 188  72  33  32  32  31  32  30  27  28  95 190 188 187 193  73
 189  74  31  31  33  33  32  29  29  28  94 191 190 188 192  66
 190  67  33  32  34  33  32  30  30  29 103 191 185 190 193  67
 194  65  33  32  33  34  32  32  29  28 114 194 186 189 196  70
 195  61  32  32  31  32  36  32  30  23 104 193 189 190 193  66
 183 101  67  54  60  62  46  51  54  52 133 192 189 190 198  65
  25 164 200 196 193 198 196 192 195 193 191 191 190 189 194  66
  18 174 188 188 189 189 186 188 190 191 190 190 188 187 190  56
  23 160 189 188 188 187 186 186 189 191 190 188 189 189 192  73
  23 179 195 188 191 190 188 190 189 191 192 190 192 193 193  59
  26  98 128 125 127 129 131 135 127 127 135 138 130 139 143 110
  37  28  28  22  27  30  30  28  23  29  25  21  26  19  20 167
  35  35  35  31  33  35  36  35  35  35  34  34  29  30  19 167
  35  37  34  30  33  38  39  37  36  33  32  32  29  28  22 165
  34  35  36  33  34  35  36  33  32  32  32  32  26  28  20 180
  30  32  33  28  33  36  34  34  33  34  35  32  26  29  27 165

  90  93 102  96  86  86  99 105  88  79 131 185 187 190 207 186
 239 236 235 237 235 236 235 236 235 234 160  40  35  40  44  49
 238 238 240 241 242 236 236 239 239 240 159  35  52  48  54  55
 239 241 239 237 242 240 235 239 239 238 151  45  53  53  54  56
 229 234 235 234 222 235 235 239 239 234 160  36  61  60  59  60
 119 117 121 125 121 160 232 238 240 237 160  37  59  61  60  62
  54  48  48  56  54  71 228 238 240 237 149  42  63  62  60  62
  52  49  50  56  56  81 232 236 240 239 134  47  62  65  60  61
  55  60  54  56  56  79 214 234 237 236 151  52  63  66  62  62
  59  58  57  54  67  65 225 237 238 231 153  54  66  65  64  62
  58  59  58  61  65  72 226 240 235 235 154  49  63  60  60  62
  58  58  58  61  60  69 219 236 233 236 151  47  62  58  58  59
  58  56  56  56  55  68 229 238 237 234 146  46  63  59  59  55
  60  56  58  55  57  98 229 233 235 234 147  54  62  61  62  60
 100  99  92  91  85 127 172 196 187 197 108  51  62  63  62  59
 239 244 235 235 233 213  25  38  52  41  49  61  61  61  60  58
  77  70  72  76  72  72  76  70  79  61 115 172 174 172 185 170
 209 210 208 210 207 209 210 211 208 208 148  24  25  27  24  32
 207 207 208 206 207 208 208 209 208 206 146  23  37  35  35  38
 208 209 211 210 208 206 208 208 208 206 137  29  36  39  36  37
 209 209 209 206 209 208 208 208 207 205 145  24  42  43  43  43
 102  98 105 116 111 142 207 207 207 207 142  28  41  42  42  44
  35  33  33  34  29  58 206 207 208 206 135  31  41  43  40  42
  41  40  38  39  38  57 205 208 208 206 128  27  44  46  40  41
  38  36  37  40  38  55 201 206 206 208 139  32  42  47  42  42
  40  41  41  42  42  52 204 203 205 205 139  35  46  48  44  43
  39  41  41  42  38  68 206 206 206 207 138  36  45  48  44  44
  39  39  40  38  39  66 204 207 207 207 135  34  43  43  43  42
  37  38  38  38  40  56 205 207 207 206 134  28  41  40  41  36
  39  37  40  40  39  67 207 205 205 206 133  36  43  42  44  41
  79  81  74  75  69 107 169 180 170 185  99  34  43  46  44  41
 208 212 209 209 206 188  30  24  30  29  30  43  43  43  42  39
  73  66  67  70  66  65  66  56  73  59 110 167 167 165 180 165
 193 192 193 196 193 198 194 190 192 193 143  20  19  22  20  27
 187 188 190 189 190 190 189 187 189 193 139  19  30  28  28  29
 188 190 185 186 189 189 190 188 189 192 130  26  29  29  26  26
 190 191 191 194 193 192 191 190 188 190 138  21  34  32  32  32
  95  94 103 114 104 133 191 190 190 192 135  25  34  32  32  35
  28  28  29  28  23  52 193 191 191 191 127  29  35  33  32  34
  27  29  30  29  30  54 195 190 189 189 127  23  35  36  32  33
  30  29  30  32  32  51 192 188 186 190 135  28  35  37  33  34
  32  32  32  32  36  46 196 186 186 188 131  30  36  39  36  34
  31  33  33  34  32  62 198 189 187 190 129  30  35  38  35  36
  32  33  34  33  31  60 193 189 188 191 127  27  33  33  34  33
  32  31  32  32  32  54 196 188 188 188 125  22  31  30  33  28
  33  31  33  33  32  67 200 188 189 195 128  28  35  34  36  33
  72  74  67  65  61 101 164 174 160 179  98  28  35  37  35  32
 188 189 190 194 195 183  25  18  23  23  26  37  35  35  34  30

 186  49  55  56  60  62  62  61  62  62  62  59  55  60  59  58
 207  44  54  54  59  60  60  60  62  64  60  58  59  62  62  60
 190  40  48  53  60  61  62  65  66  65  60  58  59  61  63  61
 187  35  52  53  61  59  63  62  63  66  63  62  63  62  62  61
 185  40  35  45  36  37  42  47  52  54  49  47  46  54  51  61
 131 160 159 151 160 160 149 134 151 153 154 151 146 147 108  49
  79 234 240 238 234 237 237 239 236 231 235 236 234 234 197  41
  88 235 239 239 239 240 240 240 237 238 235 233 237 235 187  52
 105 236 239 239 239 238 238 236 234 237 240 236 238 233 196  38
  99 235 236 235 235 232 228 232 214 225 226 219 229 229 172  25
  86 236 236 240 235 160  71  81  79  65  72  69  68  98 127 213
  86 235 242 242 222 121  54  56  56  67  65  60  55  57  85 233
  96 237 241 237 234 125  56  56  56  54  61  61  56  55  91 235
 102 235 240 239 235 121  48  50  54  57  58  58  56  58  92 235
  93 236 238 241 234 117  48  49  60  58  59  58  56  56  99 244
  90 239 238 239 229 119  54  52  55  59  58  58  58  60 100 239
 170  32  38  37  43  44  42  41  42  43  44  42  36  41  41  39
 185  24  35  36  43  42  40  40  42  44  44  43  41  44  44  42
 172  27  35  39  43  42  43  46  47  48  48  43  40  42  46  43
 174  25  37  36  42  41  41  44  42  46  45  43  41  43  43  43
 172  24  23  29  24  28  31  27  32  35  36  34  28  36  34  43
 115 148 146 137 145 142 135 128 139 139 138 135 134 133  99  30
  61 208 206 206 205 207 206 206 208 205 207 207 206 206 185  29
  79 208 208 208 207 207 208 208 206 205 206 207 207 205 170  30
  70 211 209 208 208 207 207 208 206 203 206 207 207 205 180  24
  76 210 208 208 208 207 206 205 201 204 206 204 205 207 169  30
  72 209 208 206 208 142  58  57  55  52  68  66  56  67 107 188
  72 207 207 208 209 111  29  38  38  42  38  39  40  39  69 206
  76 210 206 210 206 116  34  39  40  42  42  38  38  40  75 209
  72 208 208 211 209 105  33  38  37  41  41  40  38  40  74 209
  70 210 207 209 209  98  33  40  36  41  41  39  38  37  81 212
  77 209 207 208 209 102  35  41  38  40  39  39  37  39  79 208
 165  27  29  26  32  35  34  33  34  34  36  33  28  33  32  30
 180  20  28  26  32  32  32  32  33  36  35  34  33  36  35  34
 165  22  28  29  32  32  33  36  37  39  38  33  30  34  37  35
 167  19  30  29  34  34  35  35  35  36  35  33  31  35  35  35
 167  20  19  26  21  25  29  23  28  30  30  27  22  28  28  37
 110 143 139 130 138 135 127 127 135 131 129 127 125 128  98  26
  59 193 193 192 190 192 191 189 190 188 190 191 188 195 179  23
  73 192 189 189 188 190 191 189 186 186 187 188 188 189 160  23
  56 190 187 188 190 190 191 190 188 186 189 189 188 188 174  18
  66 194 189 190 191 191 193 195 192 196 198 193 196 200 164  25
  65 198 190 189 192 133  52  54  51  46  62  60  54  67 101 183
  66 193 190 189 193 104  23  30  32  36  32  31  32  32  61 195
  70 196 189 186 194 114  28  29  32  32  34  33  32  33  65 194
  67 193 190 185 191 103  29  30  30  32  33  34  32  33  67 190
  66 192 188 190 191  94  28  29  29  32  33  33  31  31  74 189
  73 193 187 188 190  95  28  27  30  32  31  32  32  33  72 188

  58  60  61  61  61  49  41  52  38  25 213 233 235 235 244 239
  59  62  63  62  51 108 197 187 196 172 127  85  91  92  99 100
  60  62  61  62  54 147 234 235 233 229  98  57  55  58  56  60
  55  59  59  63  46 146 234 237 238 229  68  55  56  56  56  58
  59  58  58  62  47 151 236 233 236 219  69  60  61  58  58  58
  62  60  60  63  49 154 235 235 240 226  72  65  61  58  59  58
  62  64  65  66  54 153 231 238 237 225  65  67  54  57  58  59
  62  62  66  63  52 151 236 237 234 214  79  56  56  54  60  55
  61  60  65  62  47 134 239 240 236 232  81  56  56  50  49  52
  62  60  62  63  42 149 237 240 238 228  71  54  56  48  48  54
  62  60  61  59  37 160 237 240 238 232 160 121 125 121 117 119
  60  59  60  61  36 160 234 239 239 235 235 222 234 235 234 229
  56  54  53  53  45 151 238 239 239 235 240 242 237 239 241 239
  55  54  48  52  35 159 240 239 239 236 236 242 241 240 238 238
  49  44  40  35  40 160 234 235 236 235 236 235 237 235 236 239
 186 207 190 187 185 131  79  88 105  99  86  86  96 102  93  90
  39  42  43  43  43  30  29  30  24  30 188 206 209 209 212 208
  41  44  46  43  34  99 185 170 180 169 107  69  75  74  81  79
  41  44  42  43  36 133 206 205 205 207  67  39  40  40  37  39
  36  41  40  41  28 134 206 207 207 205  56  40  38  38  38  37
  42  43  43  43  34 135 207 207 207 204  66  39  38  40  39  39
  44  44  48  45  36 138 207 206 206 206  68  38  42  41  41  39
  43  44  48  46  35 139 205 205 203 204  52  42  42  41  41  40
  42  42  47  42  32 139 208 206 206 201  55  38  40  37  36  38
  41  40  46  44  27 128 206 208 208 205  57  38  39  38  40  41
  42  40  43  41  31 135 206 208 207 206  58  29  34  33  33  35
  44  42  42  41  28 142 207 207 207 207 142 111 116 105  98 102
  43  43  43  42  24 145 205 207 208 208 208 209 206 209 209 209
  37  36  39  36  29 137 206 208 208 208 206 208 210 211 209 208
  38  35  35  37  23 146 206 208 209 208 208 207 206 208 207 207
  32  24  27  25  24 148 208 208 211 210 209 207 210 208 210 209
 170 185 172 174 172 115  61  79  70  76  72  72  76  72  70  77
  30  34  35  35  37  26  23  23  18  25 183 195 194 190 189 188
  32  35  37  35  28  98 179 160 174 164 101  61  65  67  74  72
  33  36  34  35  28 128 195 189 188 200  67  32  33  33  31  33
  28  33  30  31  22 125 188 188 188 196  54  32  32  32  31  32
  33  34  33  33  27 127 191 188 189 193  60  31  33  34  33  32
  36  35  38  35  30 129 190 187 189 198  62  32  34  33  33  31
  34  36  39  36  30 131 188 186 186 196  46  36  32  32  32  32
  34  33  37  35  28 135 190 186 188 192  51  32  32  30  29  30
  33  32  36  35  23 127 189 189 190 195  54  30  29  30  29  27
  34  32  33  35  29 127 191 191 191 193  52  23  28  29  28  28
  35  32  32  34  25 135 192 190 190 191 133 104 114 103  94  95
  32  32  32  34  21 138 190 188 190 191 192 193 194 191 191 190
  26  26  29  29  26 130 192 189 188 190 189 189 186 185 190 188
  29  28  28  30  19 139 193 189 187 189 190 190 189 190 188 187
  27  20  22  19  20 143 193 192 190 194 198 193 196 193 192 193
 165 180 165 167 167 110  59  73  56  66  65  66  70  67  66  73

