  36 162 219 220 221 222 222 221 221 219 218 217 216 215 211  66
  33  98 124 128 131 133 106  98 102 103 101 101 101 102  96 138
  49  48  51  60  59  61  64  60  59  57  53  57  52  54  45 161
  49  48  48  57  58  60  57  52  51  51  50  48  45  49  48 179
  51  51  53  58  57  60  57  51  51  51  47  40  38  44  44 176
  38  48  53  54  50  55  53  47  40  33  29  43  44  44  37 166
 200 202 201 203 203 204 203 202 201 193 119  40  47  45  39 167
 221 215 212 214 214 214 214 214 215 211 154  42  46  45  32 161
 220 216 217 218 216 216 216 217 218 219 158  36  41  48  28 159
 219 217 222 216 216 216 216 216 218 220 157  41  51  49  34 160
 158 195 215 216 216 216 216 215 214 214 176  84  76  73  75 139
  27 153 209 216 216 215 216 215 214 211 214 210 206 206 206  79
  30 161 208 211 213 211 212 214 214 214 213 211 210 207 210  97
  37 142 201 210 209 210 210 212 210 212 211 209 208 205 207 106
  34 155 204 205 204 205 206 208 206 204 204 203 200 200 197  94
  33  55  85  83  87  92  93  93  94  98 102  81  62  65  61 142
  23 154 191 193 193 193 192 190 190 190 189 188 189 188 189  56
  20  90 113 116 119 120  94  85  86  86  87  86  88  90  85 120
  31  31  32  41  38  40  42  38  38  35  26  31  27  26  19 147
  31  30  33  40  36  38  37  36  36  32  29  31  30  30  24 158
  31  31  35  38  36  38  37  36  35  30  28  28  30  29  22 153
  17  19  23  27  24  29  28  23  21  20  16  28  28  29  22 142
 184 186 182 181 181 181 181 180 180 176 104  22  28  30  27 146
 187 190 189 187 186 185 185 186 187 185 134  24  28  30  22 147
 186 187 187 187 185 186 186 186 186 185 137  26  31  34  21 149
 185 186 186 185 185 185 185 185 185 182 133  24  31  32  18 146
 139 175 183 185 185 185 185 184 184 183 154  63  54  57  55 125
  15 143 183 185 185 184 184 183 183 184 185 184 182 183 184  59
  15 149 180 182 183 181 180 181 181 183 183 182 181 180 182  66
  22 133 180 182 181 182 179 182 180 180 181 180 179 178 180  67
  18 144 180 181 180 180 180 180 178 180 180 181 181 179 177  64
  22  48  75  78  80  83  81  83  85  86  86  70  55  54  55 126
  18 150 175 175 176 176 175 174 173 174 174 173 173 173 177  50
  14  87 108 110 113 115  89  80  81  81  81  81  82  84  79 112
  23  22  22  31  30  32  35  33  30  25  17  22  18  18  14 143
  23  22  22  29  28  30  29  29  28  24  21  22  21  21  18 151
  23  23  24  27  27  30  29  29  28  23  20  20  22  22  16 142
  16  14  18  19  17  21  20  16  15  13  10  21  18  21  18 131
 178 177 173 172 172 173 173 171 170 165  97  16  20  22  21 136
 165 168 170 170 169 168 167 168 168 168 125  19  22  23  15 139
 168 168 169 169 167 166 167 168 167 167 130  20  21  23  14 147
 167 167 166 168 168 167 167 168 167 169 129  23  27  25  15 140
 134 166 168 167 167 167 167 166 166 168 143  58  52  51  49 121
  11 136 166 167 167 166 166 165 165 165 168 169 170 169 168  51
  12 144 163 164 165 163 163 164 164 165 165 164 163 162 164  56
  17 129 164 164 163 164 162 164 162 163 163 162 161 160 162  54
  13 140 167 165 164 164 164 165 162 165 167 167 167 167 164  54
  15  44  70  71  74  77  75  77  79  80  81  65  52  52  54 120

  66 138 161 179 176 166 167 161 159 160 139  79  97 106  94 142
 211  96  45  48  44  37  39  32  28  34  75 206 210 207 197  61
 215 102  54  49  44  44  45  45  48  49  73 206 207 205 200  65
 216 101  52  45  38  44  47  46  41  51  76 206 210 208 200  62
 217 101  57  48  40  43  40  42  36  41  84 210 211 209 203  81
 218 101  53  50  47  29 119 154 158 157 176 214 213 211 204 102
 219 103  57  51  51  33 193 211 219 220 214 211 214 212 204  98
 221 102  59  51  51  40 201 215 218 218 214 214 214 210 206  94
 221  98  60  52  51  47 202 214 217 216 215 215 214 212 208  93
 222 106  64  57  57  53 203 214 216 216 216 216 212 210 206  93
 222 133  61  60  60  55 204 214 216 216 216 215 211 210 205  92
 221 131  59  58  57  50 203 214 216 216 216 216 213 209 204  87
 220 128  60  57  58  54 203 214 218 216 216 216 211 210 205  83
 219 124  51  48  53  53 201 212 217 222 215 209 208 201 204  85
 162  98  48  48  51  48 202 215 216 217 195 153 161 142 155  55
  36  33  49  49  51  38 200 221 220 219 158  27  30  37  34  33
  56 120 147 158 153 142 146 147 149 146 125  59  66  67  64 126
 189  85  19  24  22  22  27  22  21  18  55 184 182 180 177  55
 188  90  26  30  29  29  30  30  34  32  57 183 180 178 179  54
 189  88  27  30  30  28  28  28  31  31  54 182 181 179 181  55
 188  86  31  31  28  28  22  24  26  24  63 184 182 180 181  70
 189  87  26  29  28  16 104 134 137 133 154 185 183 181 180  86
 190  86  35  32  30  20 176 185 185 182 183 184 183 180 180  86
 190  86  38  36  35  21 180 187 186 185 184 183 181 180 178  85
 190  85  38  36  36  23 180 186 186 185 184 183 181 182 180  83
 192  94  42  37  37  28 181 185 186 185 185 184 180 179 180  81
 193 120  40  38  38  29 181 185 186 185 185 184 181 182 180  83
 193 119  38  36  36  24 181 186 185 185 185 185 183 181 180  80
 193 116  41  40  38  27 181 187 187 185 185 185 182 182 181  78
 191 113  32  33  35  23 182 189 187 186 183 183 180 180 180  75
 154  90  31  30  31  19 186 190 187 186 175 143 149 133 144  48
  23  20  31  31  31  17 184 187 186 185 139  15  15  22  18  22
  50 112 143 151 142 131 136 139 147 140 121  51  56  54  54 120
 177  79  14  18  16  18  21  15  14  15  49 168 164 162 164  54
 173  84  18  21  22  21  22  23  23  25  51 169 162 160 167  52
 173  82  18  21  22  18  20  22  21  27  52 170 163 161 167  52
 173  81  22  22  20  21  16  19  20  23  58 169 164 162 167  65
 174  81  17  21  20  10  97 125 130 129 143 168 165 163 167  81
 174  81  25  24  23  13 165 168 167 169 168 165 165 163 165  80
 173  81  30  28  28  15 170 168 167 167 166 165 164 162 162  79
 174  80  33  29  29  16 171 168 168 168 166 165 164 164 165  77
 175  89  35  29  29  20 173 167 167 167 167 166 163 162 164  75
 176 115  32  30  30  21 173 168 166 167 167 166 163 164 164  77
 176 113  30  28  27  17 172 169 167 168 167 167 165 163 164  74
 175 110  31  29  27  19 172 170 169 168 167 167 164 164 165  71
 175 108  22  22  24  18 173 170 169 166 168 166 163 164 167  70
 150  87  22  22  23  14 177 168 168 167 166 136 144 129 140  44
  18  14  23  23  23  16 178 165 168 167 134  11  12  17  13  15

 142  61  65  62  81 102  98  94  93  93  92  87  83  85  55  33
  94 197 200 200 203 204 204 206 208 206 205 204 205 204 155  34
 106 207 205 208 209 211 212 210 212 210 210 209 210 201 142  37
  97 210 207 210 211 213 214 214 214 212 211 213 211 208 161  30
  79 206 206 206 210 214 211 214 215 216 215 216 216 209 153  27
 139  75  73  76  84 176 214 214 215 216 216 216 216 215 195 158
 160  34  49  51  41 157 220 218 216 216 216 216 216 222 217 219
 159  28  48  41  36 158 219 218 217 216 216 216 218 217 216 220
 161  32  45  46  42 154 211 215 214 214 214 214 214 212 215 221
 167  39  45  47  40 119 193 201 202 203 204 203 203 201 202 200
 166  37  44  44  43  29  33  40  47  53  55  50  54  53  48  38
 176  44  44  38  40  47  51  51  51  57  60  57  58  53  51  51
 179  48  49  45  48  50  51  51  52  57  60  58  57  48  48  49
 161  45  54  52  57  53  57  59  60  64  61  59  60  51  48  49
 138  96 102 101 101 101 103 102  98 106 133 131 128 124  98  33
  66 211 215 216 217 218 219 221 221 222 222 221 220 219 162  36
 126  55  54  55  70  86  86  85  83  81  83  80  78  75  48  22
  64 177 179 181 181 180 180 178 180 180 180 180 181 180 144  18
  67 180 178 179 180 181 180 180 182 179 182 181 182 180 133  22
  66 182 180 181 182 183 183 181 181 180 181 183 182 180 149  15
  59 184 183 182 184 185 184 183 183 184 184 185 185 183 143  15
 125  55  57  54  63 154 183 184 184 185 185 185 185 183 175 139
 146  18  32  31  24 133 182 185 185 185 185 185 185 186 186 185
 149  21  34  31  26 137 185 186 186 186 186 185 187 187 187 186
 147  22  30  28  24 134 185 187 186 185 185 186 187 189 190 187
 146  27  30  28  22 104 176 180 180 181 181 181 181 182 186 184
 142  22  29  28  28  16  20  21  23  28  29  24  27  23  19  17
 153  22  29  30  28  28  30  35  36  37  38  36  38  35  31  31
 158  24  30  30  31  29  32  36  36  37  38  36  40  33  30  31
 147  19  26  27  31  26  35  38  38  42  40  38  41  32  31  31
 120  85  90  88  86  87  86  86  85  94 120 119 116 113  90  20
  56 189 188 189 188 189 190 190 190 192 193 193 193 191 154  23
 120  54  52  52  65  81  80  79  77  75  77  74  71  70  44  15
  54 164 167 167 167 167 165 162 165 164 164 164 165 167 140  13
  54 162 160 161 162 163 163 162 164 162 164 163 164 164 129  17
  56 164 162 163 164 165 165 164 164 163 163 165 164 163 144  12
  51 168 169 170 169 168 165 165 165 166 166 167 167 166 136  11
 121  49  51  52  58 143 168 166 166 167 167 167 167 168 166 134
 140  15  25  27  23 129 169 167 168 167 167 168 168 166 167 167
 147  14  23  21  20 130 167 167 168 167 166 167 169 169 168 168
 139  15  23  22  19 125 168 168 168 167 168 169 170 170 168 165
 136  21  22  20  16  97 165 170 171 173 173 172 172 173 177 178
 131  18  21  18  21  10  13  15  16  20  21  17  19  18  14  16
 142  16  22  22  20  20  23  28  29  29  30  27  27  24  23  23
 151  18  21  21  22  21  24  28  29  29  30  28  29  22  22  23
 143  14  18  18  22  17  25  30  33  35  32  30  31  22  22  23
 112  79  84  82  81  81  81  81  80  89 115 113 110 108  87  14
  50 177 173 173 173 174 174 173 174 175 176 176 175 175 150  18

  33  34  37  30  27 158 219 220 221 200  38  51  49  49  33  36
  55 155 142 161 153 195 217 216 215 202  48  51  48  48  98 162
  85 204 201 208 209 215 222 217 212 201  53  53  48  51 124 219
  83 205 210 211 216 216 216 218 214 203  54  58  57  60 128 220
  87 204 209 213 216 216 216 216 214 203  50  57  58  59 131 221
  92 205 210 211 215 216 216 216 214 204  55  60  60  61 133 222
  93 206 210 212 216 216 216 216 214 203  53  57  57  64 106 222
  93 208 212 214 215 215 216 217 214 202  47  51  52  60  98 221
  94 206 210 214 214 214 218 218 215 201  40  51  51  59 102 221
  98 204 212 214 211 214 220 219 211 193  33  51  51  57 103 219
 102 204 211 213 214 176 157 158 154 119  29  47  50  53 101 218
  81 203 209 211 210  84  41  36  42  40  43  40  48  57 101 217
  62 200 208 210 206  76  51  41  46  47  44  38  45  52 101 216
  65 200 205 207 206  73  49  48  45  45  44  44  49  54 102 215
  61 197 207 210 206  75  34  28  32  39  37  44  48  45  96 211
 142  94 106  97  79 139 160 159 161 167 166 176 179 161 138  66
  22  18  22  15  15 139 185 186 187 184  17  31  31  31  20  23
  48 144 133 149 143 175 186 187 190 186  19  31  30  31  90 154
  75 180 180 180 183 183 186 187 189 182  23  35  33  32 113 191
  78 181 182 182 185 185 185 187 187 181  27  38  40  41 116 193
  80 180 181 183 185 185 185 185 186 181  24  36  36  38 119 193
  83 180 182 181 184 185 185 186 185 181  29  38  38  40 120 193
  81 180 179 180 184 185 185 186 185 181  28  37  37  42  94 192
  83 180 182 181 183 184 185 186 186 180  23  36  36  38  85 190
  85 178 180 181 183 184 185 186 187 180  21  35  36  38  86 190
  86 180 180 183 184 183 182 185 185 176  20  30  32  35  86 190
  86 180 181 183 185 154 133 137 134 104  16  28  29  26  87 189
  70 181 180 182 184  63  24  26  24  22  28  28  31  31  86 188
  55 181 179 181 182  54  31  31  28  28  28  30  30  27  88 189
  54 179 178 180 183  57  32  34  30  30  29  29  30  26  90 188
  55 177 180 182 184  55  18  21  22  27  22  22  24  19  85 189
 126  64  67  66  59 125 146 149 147 146 142 153 158 147 120  56
  15  13  17  12  11 134 167 168 165 178  16  23  23  23  14  18
  44 140 129 144 136 166 167 168 168 177  14  23  22  22  87 150
  70 167 164 163 166 168 166 169 170 173  18  24  22  22 108 175
  71 165 164 164 167 167 168 169 170 172  19  27  29  31 110 175
  74 164 163 165 167 167 168 167 169 172  17  27  28  30 113 176
  77 164 164 163 166 167 167 166 168 173  21  30  30  32 115 176
  75 164 162 163 166 167 167 167 167 173  20  29  29  35  89 175
  77 165 164 164 165 166 168 168 168 171  16  29  29  33  80 174
  79 162 162 164 165 166 167 167 168 170  15  28  28  30  81 173
  80 165 163 165 165 168 169 167 168 165  13  23  24  25  81 174
  81 167 163 165 168 143 129 130 125  97  10  20  21  17  81 174
  65 167 162 164 169  58  23  20  19  16  21  20  22  22  81 173
  52 167 161 163 170  52  27  21  22  20  18  22  21  18  82 173
  52 167 160 162 169  51  25  23  23  22  21  22  21  18  84 173
  54 164 162 164 168  49  15  14  15  21  18  16  18  14  79 177
 120  54  54  56  51 121 140 147 139 136 131 142 151 143 112  50

