 236 137  54  63  68  82  88  94  71  67  79 225 236 237 231 108
  99  52  57  67  67  82  82  84  72  67  64 111 111 115 117 159
  56  53  54  68  69  77  81  79  71  66  55  55  50  49  41 171
  60  52  51  67  69  72  79  79  73  64  56  59  62  63  40 170
  62  51  55  67  70  71  80  80  73  63  55  60  60  62  43 160
  63  53  55  67  70  74  79  79  72  64  56  60  60  62  48 164
  65  55  56  68  70  77  77  73  70  64  57  57  60  60  38 169
  64  54  58  71  66  70  75  73  69  63  55  57  59  59  41 166
  62  51  58  70  70  71  76  77  70  66  56  54  58  59  41 173
  61  54  56  70  69  76  77  78  72  64  56  51  54  56  39 160
 125  75  58  69  69  78  80  82  79  67  59 113 118 121 111 157
 234 129  58  68  69  80  84  84  80  67  90 224 238 234 233 119
 241 141  57  66  70  77  80  83  72  61  96 234 238 241 238 127
 238 133  55  69  70  77  76  81  71  62  96 235 241 237 238 114
 236 124  53  69  73  83  80  79  80  69  86 227 236 233 228 124
 108  62  49  70  71  80  81  81  76  68  53  92  76  78  81 169
 211 112  35  51  53  60  63  67  54  48  65 211 214 210 209  87
  90  37  40  51  49  61  59  59  53  47  49  98 100 106 106 137
  45  40  40  51  49  59  59  58  47  45  39  38  37  39  27 151
  44  41  40  50  49  54  58  60  52  44  40  42  45  45  27 158
  43  41  42  50  51  52  59  60  54  44  38  42  43  44  28 151
  44  42  41  50  51  54  59  58  54  45  39  42  42  43  29 157
  46  40  41  49  50  57  54  53  52  45  41  40  40  42  29 151
  43  39  40  52  47  51  52  54  52  44  39  40  38  41  31 152
  45  38  41  51  52  53  54  57  53  46  39  39  37  40  30 160
  42  38  39  51  51  57  56  57  54  45  35  34  36  38  29 147
  90  44  42  52  50  57  58  63  56  45  45 101  98 104 100 145
 214 110  40  49  50  58  62  61  55  48  81 208 208 207 208  96
 209 113  36  46  49  56  58  61  52  48  81 206 207 209 207  89
 211 109  37  51  50  56  58  64  54  48  84 210 208 209 210  97
 209 107  40  50  52  61  59  61  51  48  75 209 211 211 205  98
  99  53  41  51  49  56  59  61  53  47  38  79  67  71  68 155
 197  98  28  42  39  46  47  52  39  37  59 199 193 194 192  80
  85  33  33  40  34  43  46  48  41  39  44  91  93 102  97 127
  36  32  32  41  40  50  51  48  37  36  31  31  32  29  20 145
  33  31  30  41  40  43  48  48  41  33  29  33  32  31  23 153
  34  31  30  39  39  40  47  47  42  33  28  34  30  31  23 146
  34  32  31  39  40  41  46  45  41  34  28  34  33  33  22 154
  35  31  31  38  38  45  43  41  40  34  31  32  33  32  22 142
  33  32  31  40  35  40  42  42  41  33  29  31  31  31  23 145
  36  32  32  39  39  41  44  45  41  36  29  30  30  30  22 154
  30  30  31  40  38  45  45  46  39  32  26  28  29  31  25 141
  88  42  29  39  38  47  48  50  42  34  40  94  86  92  92 143
 193  93  29  38  38  46  48  48  43  38  72 197 190 193 196  90
 194  94  29  38  39  42  43  47  41  34  73 193 190 186 191  75
 186  97  29  40  38  44  44  49  40  34  76 195 188 190 193  89
 194 100  33  39  40  48  46  46  41  36  69 199 196 197 191  90
  94  47  27  41  38  44  46  47  39  36  34  78  66  68  64 149

 108 159 171 170 160 164 169 166 173 160 157 119 127 114 124 169
 231 117  41  40  43  48  38  41  41  39 111 233 238 238 228  81
 237 115  49  63  62  62  60  59  59  56 121 234 241 237 233  78
 236 111  50  62  60  60  60  59  58  54 118 238 238 241 236  76
 225 111  55  59  60  60  57  57  54  51 113 224 234 235 227  92
  79  64  55  56  55  56  57  55  56  56  59  90  96  96  86  53
  67  67  66  64  63  64  64  63  66  64  67  67  61  62  69  68
  71  72  71  73  73  72  70  69  70  72  79  80  72  71  80  76
  94  84  79  79  80  79  73  73  77  78  82  84  83  81  79  81
  88  82  81  79  80  79  77  75  76  77  80  84  80  76  80  81
  82  82  77  72  71  74  77  70  71  76  78  80  77  77  83  80
  68  67  69  69  70  70  70  66  70  69  69  69  70  70  73  71
  63  67  68  67  67  67  68  71  70  70  69  68  66  69  69  70
  54  57  54  51  55  55  56  58  58  56  58  58  57  55  53  49
 137  52  53  52  51  53  55  54  51  54  75 129 141 133 124  62
 236  99  56  60  62  63  65  64  62  61 125 234 241 238 236 108
  87 137 151 158 151 157 151 152 160 147 145  96  89  97  98 155
 209 106  27  27  28  29  29  31  30  29 100 208 207 210 205  68
 210 106  39  45  44  43  42  41  40  38 104 207 209 209 211  71
 214 100  37  45  43  42  40  38  37  36  98 208 207 208 211  67
 211  98  38  42  42  42  40  40  39  34 101 208 206 210 209  79
  65  49  39  40  38  39  41  39  39  35  45  81  81  84  75  38
  48  47  45  44  44  45  45  44  46  45  45  48  48  48  48  47
  54  53  47  52  54  54  52  52  53  54  56  55  52  54  51  53
  67  59  58  60  60  58  53  54  57  57  63  61  61  64  61  61
  63  59  59  58  59  59  54  52  54  56  58  62  58  58  59  59
  60  61  59  54  52  54  57  51  53  57  57  58  56  56  61  56
  53  49  49  49  51  51  50  47  52  51  50  50  49  50  52  49
  51  51  51  50  50  50  49  52  51  51  52  49  46  51  50  51
  35  40  40  40  42  41  41  40  41  39  42  40  36  37  40  41
 112  37  40  41  41  42  40  39  38  38  44 110 113 109 107  53
 211  90  45  44  43  44  46  43  45  42  90 214 209 211 209  99
  80 127 145 153 146 154 142 145 154 141 143  90  75  89  90 149
 192  97  20  23  23  22  22  23  22  25  92 196 191 193 191  64
 194 102  29  31  31  33  32  31  30  31  92 193 186 190 197  68
 193  93  32  32  30  33  33  31  30  29  86 190 190 188 196  66
 199  91  31  33  34  34  32  31  30  28  94 197 193 195 199  78
  59  44  31  29  28  28  31  29  29  26  40  72  73  76  69  34
  37  39  36  33  33  34  34  33  36  32  34  38  34  34  36  36
  39  41  37  41  42  41  40  41  41  39  42  43  41  40  41  39
  52  48  48  48  47  45  41  42  45  46  50  48  47  49  46  47
  47  46  51  48  47  46  43  42  44  45  48  48  43  44  46  46
  46  43  50  43  40  41  45  40  41  45  47  46  42  44  48  44
  39  34  40  40  39  40  38  35  39  38  38  38  39  38  40  38
  42  40  41  41  39  39  38  40  39  40  39  38  38  40  39  41
  28  33  32  30  30  31  31  31  32  31  29  29  29  29  33  27
  98  33  32  31  31  32  31  32  32  30  42  93  94  97 100  47
 197  85  36  33  34  34  35  33  36  30  88 193 194 186 194  94

 169  81  78  76  92  53  68  76  81  81  80  71  70  49  62 108
 124 228 233 236 227  86  69  80  79  80  83  73  69  53 124 236
 114 238 237 241 235  96  62  71  81  76  77  70  69  55 133 238
 127 238 241 238 234  96  61  72  83  80  77  70  66  57 141 241
 119 233 234 238 224  90  67  80  84  84  80  69  68  58 129 234
 157 111 121 118 113  59  67  79  82  80  78  69  69  58  75 125
 160  39  56  54  51  56  64  72  78  77  76  69  70  56  54  61
 173  41  59  58  54  56  66  70  77  76  71  70  70  58  51  62
 166  41  59  59  57  55  63  69  73  75  70  66  71  58  54  64
 169  38  60  60  57  57  64  70  73  77  77  70  68  56  55  65
 164  48  62  60  60  56  64  72  79  79  74  70  67  55  53  63
 160  43  62  60  60  55  63  73  80  80  71  70  67  55  51  62
 170  40  63  62  59  56  64  73  79  79  72  69  67  51  52  60
 171  41  49  50  55  55  66  71  79  81  77  69  68  54  53  56
 159 117 115 111 111  64  67  72  84  82  82  67  67  57  52  99
 108 231 237 236 225  79  67  71  94  88  82  68  63  54 137 236
 155  68  71  67  79  38  47  53  61  59  56  49  51  41  53  99
  98 205 211 211 209  75  48  51  61  59  61  52  50  40 107 209
  97 210 209 208 210  84  48  54  64  58  56  50  51  37 109 211
  89 207 209 207 206  81  48  52  61  58  56  49  46  36 113 209
  96 208 207 208 208  81  48  55  61  62  58  50  49  40 110 214
 145 100 104  98 101  45  45  56  63  58  57  50  52  42  44  90
 147  29  38  36  34  35  45  54  57  56  57  51  51  39  38  42
 160  30  40  37  39  39  46  53  57  54  53  52  51  41  38  45
 152  31  41  38  40  39  44  52  54  52  51  47  52  40  39  43
 151  29  42  40  40  41  45  52  53  54  57  50  49  41  40  46
 157  29  43  42  42  39  45  54  58  59  54  51  50  41  42  44
 151  28  44  43  42  38  44  54  60  59  52  51  50  42  41  43
 158  27  45  45  42  40  44  52  60  58  54  49  50  40  41  44
 151  27  39  37  38  39  45  47  58  59  59  49  51  40  40  45
 137 106 106 100  98  49  47  53  59  59  61  49  51  40  37  90
  87 209 210 214 211  65  48  54  67  63  60  53  51  35 112 211
 149  64  68  66  78  34  36  39  47  46  44  38  41  27  47  94
  90 191 197 196 199  69  36  41  46  46  48  40  39  33 100 194
  89 193 190 188 195  76  34  40  49  44  44  38  40  29  97 186
  75 191 186 190 193  73  34  41  47  43  42  39  38  29  94 194
  90 196 193 190 197  72  38  43  48  48  46  38  38  29  93 193
 143  92  92  86  94  40  34  42  50  48  47  38  39  29  42  88
 141  25  31  29  28  26  32  39  46  45  45  38  40  31  30  30
 154  22  30  30  30  29  36  41  45  44  41  39  39  32  32  36
 145  23  31  31  31  29  33  41  42  42  40  35  40  31  32  33
 142  22  32  33  32  31  34  40  41  43  45  38  38  31  31  35
 154  22  33  33  34  28  34  41  45  46  41  40  39  31  32  34
 146  23  31  30  34  28  33  42  47  47  40  39  39  30  31  34
 153  23  31  32  33  29  33  41  48  48  43  40  41  30  31  33
 145  20  29  32  31  31  36  37  48  51  50  40  41  32  32  36
 127  97 102  93  91  44  39  41  48  46  43  34  40  33  33  85
  80 192 194 193 199  59  37  39  52  47  46  39  42  28  98 197

 108 236 238 241 234 125  61  62  64  65  63  62  60  56  99 236
  62 124 133 141 129  75  54  51  54  55  53  51  52  53  52 137
  49  53  55  57  58  58  56  58  58  56  55  55  51  54  57  54
  70  69  69  66  68  69  70  70  71  68  67  67  67  68  67  63
  71  73  70  70  69  69  69  70  66  70  70  70  69  69  67  68
  80  83  77  77  80  78  76  71  70  77  74  71  72  77  82  82
  81  80  76  80  84  80  77  76  75  77  79  80  79  81  82  88
  81  79  81  83  84  82  78  77  73  73  79  80  79  79  84  94
  76  80  71  72  80  79  72  70  69  70  72  73  73  71  72  71
  68  69  62  61  67  67  64  66  63  64  64  63  64  66  67  67
  53  86  96  96  90  59  56  56  55  57  56  55  56  55  64  79
  92 227 235 234 224 113  51  54  57  57  60  60  59  55 111 225
  76 236 241 238 238 118  54  58  59  60  60  60  62  50 111 236
  78 233 237 241 234 121  56  59  59  60  62  62  63  49 115 237
  81 228 238 238 233 111  39  41  41  38  48  43  40  41 117 231
 169 124 114 127 119 157 160 173 166 169 164 160 170 171 159 108
  99 209 211 209 214  90  42  45  43  46  44  43  44  45  90 211
  53 107 109 113 110  44  38  38  39  40  42  41  41  40  37 112
  41  40  37  36  40  42  39  41  40  41  41  42  40  40  40  35
  51  50  51  46  49  52  51  51  52  49  50  50  50  51  51  51
  49  52  50  49  50  50  51  52  47  50  51  51  49  49  49  53
  56  61  56  56  58  57  57  53  51  57  54  52  54  59  61  60
  59  59  58  58  62  58  56  54  52  54  59  59  58  59  59  63
  61  61  64  61  61  63  57  57  54  53  58  60  60  58  59  67
  53  51  54  52  55  56  54  53  52  52  54  54  52  47  53  54
  47  48  48  48  48  45  45  46  44  45  45  44  44  45  47  48
  38  75  84  81  81  45  35  39  39  41  39  38  40  39  49  65
  79 209 210 206 208 101  34  39  40  40  42  42  42  38  98 211
  67 211 208 207 208  98  36  37  38  40  42  43  45  37 100 214
  71 211 209 209 207 104  38  40  41  42  43  44  45  39 106 210
  68 205 210 207 208 100  29  30  31  29  29  28  27  27 106 209
 155  98  97  89  96 145 147 160 152 151 157 151 158 151 137  87
  94 194 186 194 193  88  30  36  33  35  34  34  33  36  85 197
  47 100  97  94  93  42  30  32  32  31  32  31  31  32  33  98
  27  33  29  29  29  29  31  32  31  31  31  30  30  32  33  28
  41  39  40  38  38  39  40  39  40  38  39  39  41  41  40  42
  38  40  38  39  38  38  38  39  35  38  40  39  40  40  34  39
  44  48  44  42  46  47  45  41  40  45  41  40  43  50  43  46
  46  46  44  43  48  48  45  44  42  43  46  47  48  51  46  47
  47  46  49  47  48  50  46  45  42  41  45  47  48  48  48  52
  39  41  40  41  43  42  39  41  41  40  41  42  41  37  41  39
  36  36  34  34  38  34  32  36  33  34  34  33  33  36  39  37
  34  69  76  73  72  40  26  29  29  31  28  28  29  31  44  59
  78 199 195 193 197  94  28  30  31  32  34  34  33  31  91 199
  66 196 188 190 190  86  29  30  31  33  33  30  32  32  93 193
  68 197 190 186 193  92  31  30  31  32  33  31  31  29 102 194
  64 191 193 191 196  92  25  22  23  22  22  23  23  20  97 192
 149  90  89  75  90 143 141 154 145 142 154 146 153 145 127  80

