 240 239 240 240 241 242 239 238 239 238 156  53  55  43  35 173
 105 112 104  98 120 109 118 124 132 132  85  53  56  54  35 190
  76  77  66  56  55  46  49  57  54  52  59  63  56  55  36 182
  85  94  74  60  56  56  54  58  63  59  57  63  57  58  45 188
  84  95  76  62  59  58  65  56  62  59  54  66  58  57  43 193
  67  98  69  50  47  83  67  53  55  66  44  67  64  56  37 179
 230 225 221 228 224 223 227 225 217 201 141  65  56  53  33 175
 243 243 241 239 241 242 245 242 237 245 169  62  51  55  38 184
 243 244 244 244 244 244 243 240 241 243 168  55  56  54  38 183
 242 244 244 244 242 243 244 240 242 242 179  61  59  59  38 170
 243 244 244 244 242 243 243 242 239 242 168  56  59  58  42 177
 245 248 244 243 242 242 244 244 241 246 164  56  62  58  37 186
 245 245 244 243 242 241 243 244 239 243 178  58  61  56  42 180
 244 242 242 242 243 243 243 243 242 240 165  57  61  56  33 179
 242 241 241 245 245 245 244 241 241 241 172  55  60  51  38 187
 242 242 241 243 245 244 244 244 243 240 177  62  60  50  40 195
 212 212 212 213 213 211 213 210 210 210 131  31  39  31  25 165
  96 102  93  87 105  92 106 110 118 118  65  33  36  32  17 175
  64  65  47  37  36  35  41  36  35  39  36  42  38  33  24 168
  61  71  53  41  38  40  41  41  45  40  35  41  44  37  26 166
  60  72  56  43  41  40  41  44  41  41  38  41  43  36  21 170
  52  78  53  35  28  55  38  31  30  50  30  39  42  38  21 164
 210 206 204 213 206 199 198 201 198 187 117  35  43  37  24 165
 213 213 214 213 213 213 214 212 212 213 144  32  40  35  23 171
 215 214 213 213 213 213 212 214 212 213 142  31  39  34  25 174
 214 213 213 213 212 212 213 212 212 212 145  32  40  38  24 157
 215 214 213 213 212 212 212 212 210 212 144  26  40  38  25 161
 216 216 214 215 214 213 213 213 212 211 142  31  40  36  20 171
 216 216 215 216 214 213 213 213 212 212 144  29  42  36  24 165
 216 215 214 216 215 214 213 212 212 212 137  30  40  40  24 164
 214 213 214 215 214 214 213 211 211 211 143  29  40  37  22 171
 214 214 214 214 214 213 213 213 212 212 148  30  42  36  20 172
 198 200 198 199 197 198 200 197 196 193 114  24  31  30  20 156
  92  99  91  87 106  92 104 107 113 113  62  29  27  29  15 166
  54  54  36  26  27  27  34  30  28  30  30  33  29  26  20 163
  50  60  42  32  29  32  32  33  37  32  27  31  32  24  22 164
  50  60  44  31  29  29  30  32  32  28  25  31  32  23  17 167
  43  72  47  29  20  46  30  22  20  40  23  33  34  28  17 160
 199 202 197 200 192 185 184 194 192 182 113  29  33  28  19 156
 196 196 196 194 195 194 196 193 192 194 126  25  30  28  17 164
 196 195 195 195 196 195 194 194 197 195 124  26  32  28  19 169
 196 195 196 195 194 194 195 192 196 194 127  25  29  29  17 154
 197 196 196 195 194 194 194 193 191 195 131  24  30  26  19 160
 195 196 196 197 195 195 195 195 192 195 123  28  30  27  15 167
 196 197 197 198 196 194 195 195 193 194 123  22  30  28  21 159
 196 197 197 198 197 196 195 194 194 195 120  20  32  27  19 157
 195 195 195 198 197 197 195 193 193 194 127  23  31  27  16 167
 195 196 195 197 197 196 196 195 194 194 134  24  32  28  14 169

 173 190 182 188 193 179 175 184 183 170 177 186 180 179 187 195
  35  35  36  45  43  37  33  38  38  38  42  37  42  33  38  40
  43  54  55  58  57  56  53  55  54  59  58  58  56  56  51  50
  55  56  56  57  58  64  56  51  56  59  59  62  61  61  60  60
  53  53  63  63  66  67  65  62  55  61  56  56  58  57  55  62
 156  85  59  57  54  44 141 169 168 179 168 164 178 165 172 177
 238 132  52  59  59  66 201 245 243 242 242 246 243 240 241 240
 239 132  54  63  62  55 217 237 241 242 239 241 239 242 241 243
 238 124  57  58  56  53 225 242 240 240 242 244 244 243 241 244
 239 118  49  54  65  67 227 245 243 244 243 244 243 243 244 244
 242 109  46  56  58  83 223 242 244 243 243 242 241 243 245 244
 241 120  55  56  59  47 224 241 244 242 242 242 242 243 245 245
 240  98  56  60  62  50 228 239 244 244 244 243 243 242 245 243
 240 104  66  74  76  69 221 241 244 244 244 244 244 242 241 241
 239 112  77  94  95  98 225 243 244 244 244 248 245 242 241 242
 240 105  76  85  84  67 230 243 243 242 243 245 245 244 242 242
 165 175 168 166 170 164 165 171 174 157 161 171 165 164 171 172
  25  17  24  26  21  21  24  23  25  24  25  20  24  24  22  20
  31  32  33  37  36  38  37  35  34  38  38  36  36  40  37  36
  39  36  38  44  43  42  43  40  39  40  40  40  42  40  40  42
  31  33  42  41  41  39  35  32  31  32  26  31  29  30  29  30
 131  65  36  35  38  30 117 144 142 145 144 142 144 137 143 148
 210 118  39  40  41  50 187 213 213 212 212 211 212 212 211 212
 210 118  35  45  41  30 198 212 212 212 210 212 212 212 211 212
 210 110  36  41  44  31 201 212 214 212 212 213 213 212 211 213
 213 106  41  41  41  38 198 214 212 213 212 213 213 213 213 213
 211  92  35  40  40  55 199 213 213 212 212 213 213 214 214 213
 213 105  36  38  41  28 206 213 213 212 212 214 214 215 214 214
 213  87  37  41  43  35 213 213 213 213 213 215 216 216 215 214
 212  93  47  53  56  53 204 214 213 213 213 214 215 214 214 214
 212 102  65  71  72  78 206 213 214 213 214 216 216 215 213 214
 212  96  64  61  60  52 210 213 215 214 215 216 216 216 214 214
 156 166 163 164 167 160 156 164 169 154 160 167 159 157 167 169
  20  15  20  22  17  17  19  17  19  17  19  15  21  19  16  14
  30  29  26  24  23  28  28  28  28  29  26  27  28  27  27  28
  31  27  29  32  32  34  33  30  32  29  30  30  30  32  31  32
  24  29  33  31  31  33  29  25  26  25  24  28  22  20  23  24
 114  62  30  27  25  23 113 126 124 127 131 123 123 120 127 134
 193 113  30  32  28  40 182 194 195 194 195 195 194 195 194 194
 196 113  28  37  32  20 192 192 197 196 191 192 193 194 193 194
 197 107  30  33  32  22 194 193 194 192 193 195 195 194 193 195
 200 104  34  32  30  30 184 196 194 195 194 195 195 195 195 196
 198  92  27  32  29  46 185 194 195 194 194 195 194 196 197 196
 197 106  27  29  29  20 192 195 196 194 194 195 196 197 197 197
 199  87  26  32  31  29 200 194 195 195 195 197 198 198 198 197
 198  91  36  42  44  47 197 196 195 196 196 196 197 197 195 195
 200  99  54  60  60  72 202 196 195 195 196 196 197 197 195 196
 198  92  54  50  50  43 199 196 196 196 197 195 196 196 195 195

 195  40  50  60  62 177 240 243 244 244 244 245 243 241 242 242
 187  38  51  60  55 172 241 241 241 244 245 245 245 241 241 242
 179  33  56  61  57 165 240 242 243 243 243 243 242 242 242 244
 180  42  56  61  58 178 243 239 244 243 241 242 243 244 245 245
 186  37  58  62  56 164 246 241 244 244 242 242 243 244 248 245
 177  42  58  59  56 168 242 239 242 243 243 242 244 244 244 243
 170  38  59  59  61 179 242 242 240 244 243 242 244 244 244 242
 183  38  54  56  55 168 243 241 240 243 244 244 244 244 244 243
 184  38  55  51  62 169 245 237 242 245 242 241 239 241 243 243
 175  33  53  56  65 141 201 217 225 227 223 224 228 221 225 230
 179  37  56  64  67  44  66  55  53  67  83  47  50  69  98  67
 193  43  57  58  66  54  59  62  56  65  58  59  62  76  95  84
 188  45  58  57  63  57  59  63  58  54  56  56  60  74  94  85
 182  36  55  56  63  59  52  54  57  49  46  55  56  66  77  76
 190  35  54  56  53  85 132 132 124 118 109 120  98 104 112 105
 173  35  43  55  53 156 238 239 238 239 242 241 240 240 239 240
 172  20  36  42  30 148 212 212 213 213 213 214 214 214 214 214
 171  22  37  40  29 143 211 211 211 213 214 214 215 214 213 214
 164  24  40  40  30 137 212 212 212 213 214 215 216 214 215 216
 165  24  36  42  29 144 212 212 213 213 213 214 216 215 216 216
 171  20  36  40  31 142 211 212 213 213 213 214 215 214 216 216
 161  25  38  40  26 144 212 210 212 212 212 212 213 213 214 215
 157  24  38  40  32 145 212 212 212 213 212 212 213 213 213 214
 174  25  34  39  31 142 213 212 214 212 213 213 213 213 214 215
 171  23  35  40  32 144 213 212 212 214 213 213 213 214 213 213
 165  24  37  43  35 117 187 198 201 198 199 206 213 204 206 210
 164  21  38  42  39  30  50  30  31  38  55  28  35  53  78  52
 170  21  36  43  41  38  41  41  44  41  40  41  43  56  72  60
 166  26  37  44  41  35  40  45  41  41  40  38  41  53  71  61
 168  24  33  38  42  36  39  35  36  41  35  36  37  47  65  64
 175  17  32  36  33  65 118 118 110 106  92 105  87  93 102  96
 165  25  31  39  31 131 210 210 210 213 211 213 213 212 212 212
 169  14  28  32  24 134 194 194 195 196 196 197 197 195 196 195
 167  16  27  31  23 127 194 193 193 195 197 197 198 195 195 195
 157  19  27  32  20 120 195 194 194 195 196 197 198 197 197 196
 159  21  28  30  22 123 194 193 195 195 194 196 198 197 197 196
 167  15  27  30  28 123 195 192 195 195 195 195 197 196 196 195
 160  19  26  30  24 131 195 191 193 194 194 194 195 196 196 197
 154  17  29  29  25 127 194 196 192 195 194 194 195 196 195 196
 169  19  28  32  26 124 195 197 194 194 195 196 195 195 195 196
 164  17  28  30  25 126 194 192 193 196 194 195 194 196 196 196
 156  19  28  33  29 113 182 192 194 184 185 192 200 197 202 199
 160  17  28  34  33  23  40  20  22  30  46  20  29  47  72  43
 167  17  23  32  31  25  28  32  32  30  29  29  31  44  60  50
 164  22  24  32  31  27  32  37  33  32  32  29  32  42  60  50
 163  20  26  29  33  30  30  28  30  34  27  27  26  36  54  54
 166  15  29  27  29  62 113 113 107 104  92 106  87  91  99  92
 156  20  30  31  24 114 193 196 197 200 198 197 199 198 200 198

 242 242 244 245 245 243 242 243 243 230  67  84  85  76 105 240
 242 241 242 245 248 244 244 244 243 225  98  95  94  77 112 239
 241 241 242 244 244 244 244 244 241 221  69  76  74  66 104 240
 243 245 242 243 243 244 244 244 239 228  50  62  60  56  98 240
 245 245 243 242 242 242 242 244 241 224  47  59  56  55 120 241
 244 245 243 241 242 243 243 244 242 223  83  58  56  46 109 242
 244 244 243 243 244 243 244 243 245 227  67  65  54  49 118 239
 244 241 243 244 244 242 240 240 242 225  53  56  58  57 124 238
 243 241 242 239 241 239 242 241 237 217  55  62  63  54 132 239
 240 241 240 243 246 242 242 243 245 201  66  59  59  52 132 238
 177 172 165 178 164 168 179 168 169 141  44  54  57  59  85 156
  62  55  57  58  56  56  61  55  62  65  67  66  63  63  53  53
  60  60  61  61  62  59  59  56  51  56  64  58  57  56  56  55
  50  51  56  56  58  58  59  54  55  53  56  57  58  55  54  43
  40  38  33  42  37  42  38  38  38  33  37  43  45  36  35  35
 195 187 179 180 186 177 170 183 184 175 179 193 188 182 190 173
 214 214 216 216 216 215 214 215 213 210  52  60  61  64  96 212
 214 213 215 216 216 214 213 214 213 206  78  72  71  65 102 212
 214 214 214 215 214 213 213 213 214 204  53  56  53  47  93 212
 214 215 216 216 215 213 213 213 213 213  35  43  41  37  87 213
 214 214 215 214 214 212 212 213 213 206  28  41  38  36 105 213
 213 214 214 213 213 212 212 213 213 199  55  40  40  35  92 211
 213 213 213 213 213 212 213 212 214 198  38  41  41  41 106 213
 213 211 212 213 213 212 212 214 212 201  31  44  41  36 110 210
 212 211 212 212 212 210 212 212 212 198  30  41  45  35 118 210
 212 211 212 212 211 212 212 213 213 187  50  41  40  39 118 210
 148 143 137 144 142 144 145 142 144 117  30  38  35  36  65 131
  30  29  30  29  31  26  32  31  32  35  39  41  41  42  33  31
  42  40  40  42  40  40  40  39  40  43  42  43  44  38  36  39
  36  37  40  36  36  38  38  34  35  37  38  36  37  33  32  31
  20  22  24  24  20  25  24  25  23  24  21  21  26  24  17  25
 172 171 164 165 171 161 157 174 171 165 164 170 166 168 175 165
 195 195 196 196 195 197 196 196 196 199  43  50  50  54  92 198
 196 195 197 197 196 196 195 195 196 202  72  60  60  54  99 200
 195 195 197 197 196 196 196 195 196 197  47  44  42  36  91 198
 197 198 198 198 197 195 195 195 194 200  29  31  32  26  87 199
 197 197 197 196 195 194 194 196 195 192  20  29  29  27 106 197
 196 197 196 194 195 194 194 195 194 185  46  29  32  27  92 198
 196 195 195 195 195 194 195 194 196 184  30  30  32  34 104 200
 195 193 194 195 195 193 192 194 193 194  22  32  33  30 107 197
 194 193 194 193 192 191 196 197 192 192  20  32  37  28 113 196
 194 194 195 194 195 195 194 195 194 182  40  28  32  30 113 193
 134 127 120 123 123 131 127 124 126 113  23  25  27  30  62 114
  24  23  20  22  28  24  25  26  25  29  33  31  31  33  29  24
  32  31  32  30  30  30  29  32  30  33  34  32  32  29  27  31
  28  27  27  28  27  26  29  28  28  28  28  23  24  26  29  30
  14  16  19  21  15  19  17  19  17  19  17  17  22  20  15  20
 169 167 157 159 167 160 154 169 164 156 160 167 164 163 166 156

