 232 167  53  54  55  55  53  54  53  59  55 223 237 233 230 142
 113 155 155 136 138 134 135 129 127 130 159 234 238 236 233 143
  53 107 223 228 229 231 225 224 220 222 232 236 238 236 235 124
  57 100 226 235 234 237 238 240 237 235 238 240 239 237 237 146
  46 114 228 235 233 234 238 239 238 237 238 239 239 237 233 151
  50 116 231 239 236 234 238 237 237 238 238 238 238 238 234 148
  54 129 234 238 237 238 238 237 237 239 238 237 236 235 236 144
  55 120 231 236 233 239 238 238 238 238 238 238 237 232 237 139
  55 115 222 239 235 239 238 236 237 238 237 233 236 239 233 128
  52 118 223 237 236 238 238 234 234 236 239 237 231 234 234 144
  74 165 223 235 237 236 239 237 235 234 232 207 202 197 199 146
 230 233 235 236 235 236 240 238 238 238 220  37  29  28  33 135
 236 237 238 237 236 236 241 240 239 237 214  39  55  54  51 147
 237 237 237 237 237 237 237 239 238 232 205  61  51  59  48 125
 238 237 237 237 237 237 236 237 234 232 206  65  54  57  54 138
 238 238 238 237 237 238 238 240 232 233 221  61  53  57  59 136
 210 139  29  36  34  34  35  39  37  41  45 206 208 210 209 124
 107 140 134 131 127 127 124 121 122 124 143 209 207 207 207 124
  37 107 206 207 209 209 206 204 206 207 208 208 207 208 208 105
  37  97 207 208 208 207 206 207 206 208 206 207 207 207 208 126
  30 107 207 208 208 208 206 206 206 207 207 208 208 206 206 128
  32 103 207 207 207 208 207 206 206 207 207 207 207 206 206 124
  34 109 205 206 206 207 207 206 206 208 207 206 205 208 206 121
  36 100 205 207 207 207 207 207 207 207 207 207 205 209 206 118
  33 105 205 207 205 205 205 205 206 206 208 209 207 207 207 104
  35 106 203 206 205 205 205 206 206 206 207 206 207 206 208 120
  63 151 202 205 206 206 207 206 205 205 209 188 186 182 183 129
 206 206 206 206 205 206 206 206 206 206 200  22  20  19  19 113
 207 206 207 206 205 205 206 206 205 204 193  20  40  35  33 126
 208 206 206 206 206 206 207 206 205 205 181  38  37  38  34 123
 207 206 206 206 206 206 207 205 204 204 179  38  37  37  33 134
 206 207 207 206 206 207 205 204 206 203 195  25  35  38  38 130
 196 130  23  31  30  27  27  29  29  36  41 197 190 188 189 123
 103 137 131 133 130 124 121 120 120 118 135 195 192 192 190 115
  36 102 194 195 196 195 196 196 196 196 195 191 191 191 190  95
  35  93 192 189 190 190 190 188 187 188 190 190 189 189 190 116
  26 103 192 190 190 190 191 189 189 189 192 191 189 189 190 114
  28  99 191 189 190 190 190 189 189 190 190 189 188 190 190 110
  30 106 191 187 190 190 190 188 188 191 190 189 188 190 191 110
  30  98 194 187 190 191 190 190 190 190 190 192 191 190 192 110
  26 109 195 185 190 189 188 190 192 186 186 189 192 190 189  96
  28 104 192 186 189 188 186 187 188 185 187 190 191 191 190 114
  60 144 190 188 188 188 188 188 187 186 195 184 177 175 173 122
 192 190 189 188 187 187 189 188 189 188 188  22  15  16  13 111
 190 189 190 188 187 187 189 189 189 187 178  16  30  28  23 122
 188 189 188 188 188 188 188 189 188 186 165  31  27  31  23 115
 189 189 188 189 188 188 188 187 189 188 164  27  28  29  25 128
 191 190 190 189 188 190 190 188 187 188 181  13  29  28  32 123

 142 143 124 146 151 148 144 139 128 144 146 135 147 125 138 136
 230 233 235 237 233 234 236 237 233 234 199  33  51  48  54  59
 233 236 236 237 237 238 235 232 239 234 197  28  54  59  57  57
 237 238 238 239 239 238 236 237 236 231 202  29  55  51  54  53
 223 234 236 240 239 238 237 238 233 237 207  37  39  61  65  61
  55 159 232 238 238 238 238 238 237 239 232 220 214 205 206 221
  59 130 222 235 237 238 239 238 238 236 234 238 237 232 232 233
  53 127 220 237 238 237 237 238 237 234 235 238 239 238 234 232
  54 129 224 240 239 237 237 238 236 234 237 238 240 239 237 240
  53 135 225 238 238 238 238 238 238 238 239 240 241 237 236 238
  55 134 231 237 234 234 238 239 239 238 236 236 236 237 237 238
  55 138 229 234 233 236 237 233 235 236 237 235 236 237 237 237
  54 136 228 235 235 239 238 236 239 237 235 236 237 237 237 237
  53 155 223 226 228 231 234 231 222 223 223 235 238 237 237 238
 167 155 107 100 114 116 129 120 115 118 165 233 237 237 237 238
 232 113  53  57  46  50  54  55  55  52  74 230 236 237 238 238
 124 124 105 126 128 124 121 118 104 120 129 113 126 123 134 130
 209 207 208 208 206 206 206 206 207 208 183  19  33  34  33  38
 210 207 208 207 206 206 208 209 207 206 182  19  35  38  37  38
 208 207 207 207 208 207 205 205 207 207 186  20  40  37  37  35
 206 209 208 207 208 207 206 207 209 206 188  22  20  38  38  25
  45 143 208 206 207 207 207 207 208 207 209 200 193 181 179 195
  41 124 207 208 207 207 208 207 206 206 205 206 204 205 204 203
  37 122 206 206 206 206 206 207 206 206 205 206 205 205 204 206
  39 121 204 207 206 206 206 207 205 206 206 206 206 206 205 204
  35 124 206 206 206 207 207 207 205 205 207 206 206 207 207 205
  34 127 209 207 208 208 207 207 205 205 206 206 205 206 206 207
  34 127 209 208 208 207 206 207 205 205 206 205 205 206 206 206
  36 131 207 208 208 207 206 207 207 206 205 206 206 206 206 206
  29 134 206 207 207 207 205 205 205 203 202 206 207 206 206 207
 139 140 107  97 107 103 109 100 105 106 151 206 206 206 206 207
 210 107  37  37  30  32  34  36  33  35  63 206 207 208 207 206
 123 115  95 116 114 110 110 110  96 114 122 111 122 115 128 123
 189 190 190 190 190 190 191 192 189 190 173  13  23  23  25  32
 188 192 191 189 189 190 190 190 190 191 175  16  28  31  29  28
 190 192 191 189 189 188 188 191 192 191 177  15  30  27  28  29
 197 195 191 190 191 189 189 192 189 190 184  22  16  31  27  13
  41 135 195 190 192 190 190 190 186 187 195 188 178 165 164 181
  36 118 196 188 189 190 191 190 186 185 186 188 187 186 188 188
  29 120 196 187 189 189 188 190 192 188 187 189 189 188 189 187
  29 120 196 188 189 189 188 190 190 187 188 188 189 189 187 188
  27 121 196 190 191 190 190 190 188 186 188 189 189 188 188 190
  27 124 195 190 190 190 190 191 189 188 188 187 187 188 188 190
  30 130 196 190 190 190 190 190 190 189 188 187 187 188 188 188
  31 133 195 189 190 189 187 187 185 186 188 188 188 188 189 189
  23 131 194 192 192 191 191 194 195 192 190 189 190 188 188 190
 130 137 102  93 103  99 106  98 109 104 144 190 189 189 189 190
 196 103  36  35  26  28  30  30  26  28  60 192 190 188 189 191

 136  59  57  53  61 221 233 232 240 238 238 237 237 238 238 238
 138  54  57  54  65 206 232 234 237 236 237 237 237 237 237 238
 125  48  59  51  61 205 232 238 239 237 237 237 237 237 237 237
 147  51  54  55  39 214 237 239 240 241 236 236 237 238 237 236
 135  33  28  29  37 220 238 238 238 240 236 235 236 235 233 230
 146 199 197 202 207 232 234 235 237 239 236 237 235 223 165  74
 144 234 234 231 237 239 236 234 234 238 238 236 237 223 118  52
 128 233 239 236 233 237 238 237 236 238 239 235 239 222 115  55
 139 237 232 237 238 238 238 238 238 238 239 233 236 231 120  55
 144 236 235 236 237 238 239 237 237 238 238 237 238 234 129  54
 148 234 238 238 238 238 238 237 237 238 234 236 239 231 116  50
 151 233 237 239 239 238 237 238 239 238 234 233 235 228 114  46
 146 237 237 239 240 238 235 237 240 238 237 234 235 226 100  57
 124 235 236 238 236 232 222 220 224 225 231 229 228 223 107  53
 143 233 236 238 234 159 130 127 129 135 134 138 136 155 155 113
 142 230 233 237 223  55  59  53  54  53  55  55  54  53 167 232
 130  38  38  35  25 195 203 206 204 205 207 206 206 207 207 206
 134  33  37  37  38 179 204 204 205 207 206 206 206 206 206 207
 123  34  38  37  38 181 205 205 206 207 206 206 206 206 206 208
 126  33  35  40  20 193 204 205 206 206 205 205 206 207 206 207
 113  19  19  20  22 200 206 206 206 206 206 205 206 206 206 206
 129 183 182 186 188 209 205 205 206 207 206 206 205 202 151  63
 120 208 206 207 206 207 206 206 206 205 205 205 206 203 106  35
 104 207 207 207 209 208 206 206 205 205 205 205 207 205 105  33
 118 206 209 205 207 207 207 207 207 207 207 207 207 205 100  36
 121 206 208 205 206 207 208 206 206 207 207 206 206 205 109  34
 124 206 206 207 207 207 207 206 206 207 208 207 207 207 103  32
 128 206 206 208 208 207 207 206 206 206 208 208 208 207 107  30
 126 208 207 207 207 206 208 206 207 206 207 208 208 207  97  37
 105 208 208 207 208 208 207 206 204 206 209 209 207 206 107  37
 124 207 207 207 209 143 124 122 121 124 127 127 131 134 140 107
 124 209 210 208 206  45  41  37  39  35  34  34  36  29 139 210
 123  32  28  29  13 181 188 187 188 190 190 188 189 190 190 191
 128  25  29  28  27 164 188 189 187 188 188 188 189 188 189 189
 115  23  31  27  31 165 186 188 189 188 188 188 188 188 189 188
 122  23  28  30  16 178 187 189 189 189 187 187 188 190 189 190
 111  13  16  15  22 188 188 189 188 189 187 187 188 189 190 192
 122 173 175 177 184 195 186 187 188 188 188 188 188 190 144  60
 114 190 191 191 190 187 185 188 187 186 188 189 186 192 104  28
  96 189 190 192 189 186 186 192 190 188 189 190 185 195 109  26
 110 192 190 191 192 190 190 190 190 190 191 190 187 194  98  30
 110 191 190 188 189 190 191 188 188 190 190 190 187 191 106  30
 110 190 190 188 189 190 190 189 189 190 190 190 189 191  99  28
 114 190 189 189 191 192 189 189 189 191 190 190 190 192 103  26
 116 190 189 189 190 190 188 187 188 190 190 190 189 192  93  35
  95 190 191 191 191 195 196 196 196 196 195 196 195 194 102  36
 115 190 192 192 195 135 118 120 120 121 124 130 133 131 137 103
 123 189 188 190 197  41  36  29  29  27  27  30  31  23 130 196

 238 238 237 236 230  74  52  55  55  54  50  46  57  53 113 232
 238 237 237 237 233 165 118 115 120 129 116 114 100 107 155 167
 238 237 237 238 235 223 223 222 231 234 231 228 226 223 155  53
 237 237 237 237 236 235 237 239 236 238 239 235 235 228 136  54
 237 237 237 236 235 237 236 235 233 237 236 233 234 229 138  55
 238 237 237 236 236 236 238 239 239 238 234 234 237 231 134  55
 238 236 237 241 240 239 238 238 238 238 238 238 238 225 135  53
 240 237 239 240 238 237 234 236 238 237 237 239 240 224 129  54
 232 234 238 239 238 235 234 237 238 237 237 238 237 220 127  53
 233 232 232 237 238 234 236 238 238 239 238 237 235 222 130  59
 221 206 205 214 220 232 239 237 238 238 238 238 238 232 159  55
  61  65  61  39  37 207 237 233 238 237 238 239 240 236 234 223
  53  54  51  55  29 202 231 236 237 236 238 239 239 238 238 237
  57  57  59  54  28 197 234 239 232 235 238 237 237 236 236 233
  59  54  48  51  33 199 234 233 237 236 234 233 237 235 233 230
 136 138 125 147 135 146 144 128 139 144 148 151 146 124 143 142
 206 207 208 207 206  63  35  33  36  34  32  30  37  37 107 210
 207 206 206 206 206 151 106 105 100 109 103 107  97 107 140 139
 207 206 206 207 206 202 203 205 205 205 207 207 207 206 134  29
 206 206 206 206 206 205 206 207 207 206 207 208 208 207 131  36
 206 206 206 205 205 206 205 205 207 206 207 208 208 209 127  34
 207 206 206 205 206 206 205 205 207 207 208 208 207 209 127  34
 205 207 207 206 206 207 205 205 207 207 207 206 206 206 124  35
 204 205 206 206 206 206 206 205 207 206 206 206 207 204 121  39
 206 204 205 205 206 205 206 206 207 206 206 206 206 206 122  37
 203 204 205 204 206 205 206 206 207 208 207 207 208 207 124  41
 195 179 181 193 200 209 207 208 207 207 207 207 206 208 143  45
  25  38  38  20  22 188 206 209 207 206 207 208 207 208 209 206
  35  37  37  40  20 186 207 207 205 205 207 208 207 207 207 208
  38  37  38  35  19 182 206 207 209 208 206 206 207 208 207 210
  38  33  34  33  19 183 208 207 206 206 206 206 208 208 207 209
 130 134 123 126 113 129 120 104 118 121 124 128 126 105 124 124
 191 189 188 190 192  60  28  26  30  30  28  26  35  36 103 196
 190 189 189 189 190 144 104 109  98 106  99 103  93 102 137 130
 190 188 188 190 189 190 192 195 194 191 191 192 192 194 131  23
 189 189 188 188 188 188 186 185 187 187 189 190 189 195 133  31
 188 188 188 187 187 188 189 190 190 190 190 190 190 196 130  30
 190 188 188 187 187 188 188 189 191 190 190 190 190 195 124  27
 190 188 188 189 189 188 186 188 190 190 190 191 190 196 121  27
 188 187 189 189 188 188 187 190 190 188 189 189 188 196 120  29
 187 189 188 189 189 187 188 192 190 188 189 189 187 196 120  29
 188 188 186 187 188 186 185 186 190 191 190 189 188 196 118  36
 181 164 165 178 188 195 187 186 190 190 190 192 190 195 135  41
  13  27  31  16  22 184 190 189 192 189 189 191 190 191 195 197
  29  28  27  30  15 177 191 192 191 188 188 189 189 191 192 190
  28  29  31  28  16 175 191 190 190 190 190 189 189 191 192 188
  32  25  23  23  13 173 190 189 192 191 190 190 190 190 190 189
 123 128 115 122 111 122 114  96 110 110 110 114 116  95 115 123

