 238 239 239 240 239 237 238 237 237 237 236  88  56  55  54  70
 238 239 239 239 239 237 238 237 237 240 236 102  61  55  55  70
 236 237 236 237 241 239 241 238 237 240 234  93  60  59  59  70
 234 234 236 236 237 238 242 237 234 233 228  82  54  49  58  81
 235 235 238 236 235 238 242 237 234 237 234  83  51  50  51  75
 229 233 236 236 235 236 240 237 235 236 235 104  48  39  35  76
 109 139 233 231 238 233 235 236 237 235 232 204 169 173 153 165
  54  77 222 231 239 234 235 237 237 236 234 232 227 234 227 201
  53  71 218 231 236 234 236 238 237 237 234 233 235 242 233 184
  53  70 223 230 231 232 237 237 236 234 239 237 237 244 235 197
  52 105 226 230 236 238 236 232 237 234 236 222 228 211 220 195
 211 223 228 231 234 237 237 233 237 237 232  97  42  46  67  96
 230 232 234 233 234 237 239 237 234 234 234  65  66  62  60  80
 234 232 235 235 236 237 240 239 235 235 233  89  58  63  58  75
 232 233 235 235 234 234 236 235 238 236 229  87  55  58  56  79
 233 234 234 234 236 234 233 232 235 235 234  84  52  55  51  84
 209 210 209 210 210 209 210 209 209 209 208  76  37  37  37  61
 207 208 208 208 209 209 210 208 209 209 209  74  39  39  33  62
 207 208 208 207 209 210 210 208 208 211 211  72  38  37  34  63
 208 208 208 207 208 208 208 208 209 208 210  69  39  39  38  66
 209 207 209 208 208 208 208 208 209 209 211  67  37  38  38  64
 209 209 207 208 208 208 208 208 207 208 208  81  23  21  29  59
  96 122 209 209 208 208 208 208 208 207 205 177 154 160 145 144
  37  67 202 207 207 208 208 207 207 206 207 207 208 201 204 182
  36  62 202 205 206 207 207 207 205 205 206 207 208 205 205 177
  37  53 203 205 205 204 205 208 205 206 208 205 204 205 204 178
  39  87 203 206 206 206 204 209 206 206 207 200 203 188 196 172
 192 202 204 205 205 206 206 208 206 206 206  89  29  38  51  71
 203 204 205 204 204 206 207 207 205 206 207  59  43  42  37  62
 204 202 205 205 204 204 207 207 205 208 208  77  40  38  38  68
 203 204 205 205 204 204 205 206 207 209 205  74  38  37  36  68
 205 204 204 204 205 204 203 203 204 207 208  70  37  38  34  70
 191 192 191 192 192 191 192 191 191 191 190  68  30  29  31  65
 190 191 191 191 191 191 192 191 191 190 194  64  29  31  32  60
 189 191 190 190 192 192 190 191 191 191 197  66  31  30  29  55
 189 189 190 190 190 191 189 191 191 187 193  67  37  32  30  58
 189 189 191 190 190 191 189 191 192 189 192  61  32  30  31  58
 195 196 193 190 190 189 189 190 189 189 193  75  20  15  19  54
  93 118 197 187 188 191 191 188 186 187 191 168 149 158 143 141
  32  65 192 189 185 188 190 189 186 187 189 190 191 195 197 175
  29  59 195 190 186 185 190 190 186 187 187 186 188 189 190 168
  32  48 191 187 186 186 190 189 187 186 183 185 187 189 189 169
  37  81 191 188 187 186 192 184 187 189 187 188 194 180 186 163
 181 191 189 187 187 189 191 186 188 192 194  84  24  36  49  67
 185 185 186 186 186 188 190 187 188 189 194  54  34  34  33  60
 185 183 187 187 186 187 190 189 188 188 194  71  33  32  31  62
 186 186 187 187 186 186 187 188 190 188 191  68  31  31  29  62
 185 186 186 186 187 186 185 185 186 187 191  64  31  31  26  66

  70  70  70  81  75  76 165 201 184 197 195  96  80  75  79  84
  54  55  59  58  51  35 153 227 233 235 220  67  60  58  56  51
  55  55  59  49  50  39 173 234 242 244 211  46  62  63  58  55
  56  61  60  54  51  48 169 227 235 237 228  42  66  58  55  52
  88 102  93  82  83 104 204 232 233 237 222  97  65  89  87  84
 236 236 234 228 234 235 232 234 234 239 236 232 234 233 229 234
 237 240 240 233 237 236 235 236 237 234 234 237 234 235 236 235
 237 237 237 234 234 235 237 237 237 236 237 237 234 235 238 235
 237 237 238 237 237 237 236 237 238 237 232 233 237 239 235 232
 238 238 241 242 242 240 235 235 236 237 236 237 239 240 236 233
 237 237 239 238 238 236 233 234 234 232 238 237 237 237 234 234
 239 239 241 237 235 235 238 239 236 231 236 234 234 236 234 236
 240 239 237 236 236 236 231 231 231 230 230 231 233 235 235 234
 239 239 236 236 238 236 233 222 218 223 226 228 234 235 235 234
 239 239 237 234 235 233 139  77  71  70 105 223 232 232 233 234
 238 238 236 234 235 229 109  54  53  53  52 211 230 234 232 233
  61  62  63  66  64  59 144 182 177 178 172  71  62  68  68  70
  37  33  34  38  38  29 145 204 205 204 196  51  37  38  36  34
  37  39  37  39  38  21 160 201 205 205 188  38  42  38  37  38
  37  39  38  39  37  23 154 208 208 204 203  29  43  40  38  37
  76  74  72  69  67  81 177 207 207 205 200  89  59  77  74  70
 208 209 211 210 211 208 205 207 206 208 207 206 207 208 205 208
 209 209 211 208 209 208 207 206 205 206 206 206 206 208 209 207
 209 209 208 209 209 207 208 207 205 205 206 206 205 205 207 204
 209 208 208 208 208 208 208 207 207 208 209 208 207 207 206 203
 210 210 210 208 208 208 208 208 207 205 204 206 207 207 205 203
 209 209 210 208 208 208 208 208 207 204 206 206 206 204 204 204
 210 209 209 208 208 208 208 207 206 205 206 205 204 204 204 205
 210 208 207 207 208 208 209 207 205 205 206 205 204 205 205 204
 209 208 208 208 209 207 209 202 202 203 203 204 205 205 205 204
 210 208 208 208 207 209 122  67  62  53  87 202 204 202 204 204
 209 207 207 208 209 209  96  37  36  37  39 192 203 204 203 205
  65  60  55  58  58  54 141 175 168 169 163  67  60  62  62  66
  31  32  29  30  31  19 143 197 190 189 186  49  33  31  29  26
  29  31  30  32  30  15 158 195 189 189 180  36  34  32  31  31
  30  29  31  37  32  20 149 191 188 187 194  24  34  33  31  31
  68  64  66  67  61  75 168 190 186 185 188  84  54  71  68  64
 190 194 197 193 192 193 191 189 187 183 187 194 194 194 191 191
 191 190 191 187 189 189 187 187 187 186 189 192 189 188 188 187
 191 191 191 191 192 189 186 186 186 187 187 188 188 188 190 186
 191 191 191 191 191 190 188 189 190 189 184 186 187 189 188 185
 192 192 190 189 189 189 191 190 190 190 192 191 190 190 187 185
 191 191 192 191 191 189 191 188 185 186 186 189 188 187 186 186
 192 191 192 190 190 190 188 185 186 186 187 187 186 186 186 187
 192 191 190 190 190 190 187 189 190 187 188 187 186 187 187 186
 191 191 190 190 191 193 197 192 195 191 191 189 186 187 187 186
 192 191 191 189 189 196 118  65  59  48  81 191 185 183 186 186
 191 190 189 189 189 195  93  32  29  32  37 181 185 185 186 185

  84  51  55  52  84 234 235 235 232 233 234 236 234 234 234 233
  79  56  58  55  87 229 236 238 235 236 234 234 235 235 233 232
  75  58  63  58  89 233 235 235 239 240 237 236 235 235 232 234
  80  60  62  66  65 234 234 234 237 239 237 234 233 234 232 230
  96  67  46  42  97 232 237 237 233 237 237 234 231 228 223 211
 195 220 211 228 222 236 234 237 232 236 238 236 230 226 105  52
 197 235 244 237 237 239 234 236 237 237 232 231 230 223  70  53
 184 233 242 235 233 234 237 237 238 236 234 236 231 218  71  53
 201 227 234 227 232 234 236 237 237 235 234 239 231 222  77  54
 165 153 173 169 204 232 235 237 236 235 233 238 231 233 139 109
  76  35  39  48 104 235 236 235 237 240 236 235 236 236 233 229
  75  51  50  51  83 234 237 234 237 242 238 235 236 238 235 235
  81  58  49  54  82 228 233 234 237 242 238 237 236 236 234 234
  70  59  59  60  93 234 240 237 238 241 239 241 237 236 237 236
  70  55  55  61 102 236 240 237 237 238 237 239 239 239 239 238
  70  54  55  56  88 236 237 237 237 238 237 239 240 239 239 238
  70  34  38  37  70 208 207 204 203 203 204 205 204 204 204 205
  68  36  37  38  74 205 209 207 206 205 204 204 205 205 204 203
  68  38  38  40  77 208 208 205 207 207 204 204 205 205 202 204
  62  37  42  43  59 207 206 205 207 207 206 204 204 205 204 203
  71  51  38  29  89 206 206 206 208 206 206 205 205 204 202 192
 172 196 188 203 200 207 206 206 209 204 206 206 206 203  87  39
 178 204 205 204 205 208 206 205 208 205 204 205 205 203  53  37
 177 205 205 208 207 206 205 205 207 207 207 206 205 202  62  36
 182 204 201 208 207 207 206 207 207 208 208 207 207 202  67  37
 144 145 160 154 177 205 207 208 208 208 208 208 209 209 122  96
  59  29  21  23  81 208 208 207 208 208 208 208 208 207 209 209
  64  38  38  37  67 211 209 209 208 208 208 208 208 209 207 209
  66  38  39  39  69 210 208 209 208 208 208 208 207 208 208 208
  63  34  37  38  72 211 211 208 208 210 210 209 207 208 208 207
  62  33  39  39  74 209 209 209 208 210 209 209 208 208 208 207
  61  37  37  37  76 208 209 209 209 210 209 210 210 209 210 209
  66  26  31  31  64 191 187 186 185 185 186 187 186 186 186 185
  62  29  31  31  68 191 188 190 188 187 186 186 187 187 186 186
  62  31  32  33  71 194 188 188 189 190 187 186 187 187 183 185
  60  33  34  34  54 194 189 188 187 190 188 186 186 186 185 185
  67  49  36  24  84 194 192 188 186 191 189 187 187 189 191 181
 163 186 180 194 188 187 189 187 184 192 186 187 188 191  81  37
 169 189 189 187 185 183 186 187 189 190 186 186 187 191  48  32
 168 190 189 188 186 187 187 186 190 190 185 186 190 195  59  29
 175 197 195 191 190 189 187 186 189 190 188 185 189 192  65  32
 141 143 158 149 168 191 187 186 188 191 191 188 187 197 118  93
  54  19  15  20  75 193 189 189 190 189 189 190 190 193 196 195
  58  31  30  32  61 192 189 192 191 189 191 190 190 191 189 189
  58  30  32  37  67 193 187 191 191 189 191 190 190 190 189 189
  55  29  30  31  66 197 191 191 191 190 192 192 190 190 191 189
  60  32  31  29  64 194 190 191 191 192 191 191 191 191 191 190
  65  31  29  30  68 190 191 191 191 192 191 192 192 191 192 191

 233 232 234 230 211  52  53  53  54 109 229 235 234 236 238 238
 234 233 232 232 223 105  70  71  77 139 233 235 234 237 239 239
 234 235 235 234 228 226 223 218 222 233 236 238 236 236 239 239
 234 235 235 233 231 230 230 231 231 231 236 236 236 237 239 240
 236 234 236 234 234 236 231 236 239 238 235 235 237 241 239 239
 234 234 237 237 237 238 232 234 234 233 236 238 238 239 237 237
 233 236 240 239 237 236 237 236 235 235 240 242 242 241 238 238
 232 235 239 237 233 232 237 238 237 236 237 237 237 238 237 237
 235 238 235 234 237 237 236 237 237 237 235 234 234 237 237 237
 235 236 235 234 237 234 234 237 236 235 236 237 233 240 240 237
 234 229 233 234 232 236 239 234 234 232 235 234 228 234 236 236
  84  87  89  65  97 222 237 233 232 204 104  83  82  93 102  88
  52  55  58  66  42 228 237 235 227 169  48  51  54  60  61  56
  55  58  63  62  46 211 244 242 234 173  39  50  49  59  55  55
  51  56  58  60  67 220 235 233 227 153  35  51  58  59  55  54
  84  79  75  80  96 195 197 184 201 165  76  75  81  70  70  70
 205 203 204 203 192  39  37  36  37  96 209 209 208 207 207 209
 204 204 202 204 202  87  53  62  67 122 209 207 208 208 208 210
 204 205 205 205 204 203 203 202 202 209 207 209 208 208 208 209
 204 205 205 204 205 206 205 205 207 209 208 208 207 207 208 210
 205 204 204 204 205 206 205 206 207 208 208 208 208 209 209 210
 204 204 204 206 206 206 204 207 208 208 208 208 208 210 209 209
 203 205 207 207 206 204 205 207 208 208 208 208 208 210 210 210
 203 206 207 207 208 209 208 207 207 208 208 208 208 208 208 209
 204 207 205 205 206 206 205 205 207 208 207 209 209 208 209 209
 207 209 208 206 206 206 206 205 206 207 208 209 208 211 209 209
 208 205 208 207 206 207 208 206 207 205 208 211 210 211 209 208
  70  74  77  59  89 200 205 207 207 177  81  67  69  72  74  76
  37  38  40  43  29 203 204 208 208 154  23  37  39  38  39  37
  38  37  38  42  38 188 205 205 201 160  21  38  39  37  39  37
  34  36  38  37  51 196 204 205 204 145  29  38  38  34  33  37
  70  68  68  62  71 172 178 177 182 144  59  64  66  63  62  61
 185 186 185 185 181  37  32  29  32  93 195 189 189 189 190 191
 186 186 183 185 191  81  48  59  65 118 196 189 189 191 191 192
 186 187 187 186 189 191 191 195 192 197 193 191 190 190 191 191
 186 187 187 186 187 188 187 190 189 187 190 190 190 190 191 192
 187 186 186 186 187 187 186 186 185 188 190 190 190 192 191 192
 186 186 187 188 189 186 186 185 188 191 189 191 191 192 191 191
 185 187 190 190 191 192 190 190 190 191 189 189 189 190 192 192
 185 188 189 187 186 184 189 190 189 188 190 191 191 191 191 191
 186 190 188 188 188 187 187 186 186 186 189 192 191 191 191 191
 187 188 188 189 192 189 186 187 187 187 189 189 187 191 190 191
 191 191 194 194 194 187 183 187 189 191 193 192 193 197 194 190
  64  68  71  54  84 188 185 186 190 168  75  61  67  66  64  68
  31  31  33  34  24 194 187 188 191 149  20  32  37  31  29  30
  31  31  32  34  36 180 189 189 195 158  15  30  32  30  31  29
  26  29  31  33  49 186 189 190 197 143  19  31  30  29  32  31
  66  62  62  60  67 163 169 168 175 141  54  58  58  55  60  65

