  45 172 240 241 244 244 243 243 241 243 242 238 235 233 235 122
 210 228 242 240 244 244 243 243 241 244 220 119 106 104 105 182
 239 241 242 240 241 241 240 240 239 239 182  63  66  61  42 168
 244 245 244 244 244 243 242 242 242 242 198  59  60  51  34 182
 241 244 242 242 242 241 240 241 240 239 196  64  59  45  31 187
 226 224 221 226 221 218 217 216 214 210 150  62  59  44  39 169
  67  78  66  58  55  54  54  52  53  49  40  60  57  43  29 178
  60  76  67  56  54  59  62  62  63  60  54  61  63  52  39 188
  59  78  72  56  51  50  55  56  59  57  55  56  56  47  43 183
  57  81  68  57  54  54  60  62  59  58  55  49  45  43  33 179
 113 101  78  64  52  54  59  61  57  49  58 112 113 114 113 167
 228 128  75  63  53  55  56  55  57  46 113 229 233 237 235 111
 243 140  74  55  55  52  54  56  54  54 118 234 242 239 239 112
 242 135  79  59  56  55  59  61  58  48 120 236 242 239 237  96
 236 144  54  40  34  38  40  37  34  26 116 231 238 234 231 103
 234 227 211 203 200 198 200 203 205 202 162 105  97  94  89 185
  24 156 210 214 213 213 212 213 211 212 209 210 210 209 210  81
 192 211 213 215 213 213 212 212 211 211 185  90  83  83  84 158
 212 213 214 212 214 214 213 213 213 212 155  36  42  42  26 155
 213 214 213 213 213 212 212 212 212 211 165  35  41  38  21 171
 212 215 213 213 212 212 211 211 210 210 165  31  41  38  25 169
 205 208 206 204 201 200 196 194 192 188 124  32  42  38  29 154
  64  80  69  55  51  51  49  47  46  41  27  37  40  36  20 169
  45  59  51  42  38  39  42  42  43  38  36  37  39  33  22 175
  42  58  49  37  38  39  41  42  44  41  38  37  36  34  28 165
  44  59  50  35  36  37  37  40  40  39  34  34  34  30  20 168
 104  68  51  36  35  37  40  41  38  33  42  98 101  99  98 152
 211 100  48  36  35  37  40  40  38  30 102 209 211 208 208  81
 211 116  46  38  36  38  38  36  37  36  97 214 210 212 212  72
 211 107  51  40  36  38  40  40  40  31  99 209 211 212 211  78
 211 116  34  23  21  24  25  21  21  16 104 212 212 213 210  82
 212 204 190 185 183 181 185 190 190 192 151  88  88  85  79 165
  18 151 200 196 195 195 194 195 193 192 191 193 196 196 195  73
 175 193 197 199 195 195 194 194 193 193 167  81  77  76  76 147
 195 197 198 196 196 195 194 195 194 193 140  21  35  29  25 155
 195 196 196 194 195 194 194 194 194 193 141  22  34  27  17 166
 193 196 194 194 195 195 194 194 194 193 149  20  36  26  17 164
 195 198 196 195 193 191 185 184 182 178 119  25  34  26  21 153
  62  77  66  54  49  50  48  46  46  41  25  32  32  26  15 168
  33  47  38  28  26  31  34  34  35  30  29  32  32  26  16 169
  34  51  42  30  28  27  29  29  30  29  27  29  30  28  22 160
  37  52  40  28  29  30  30  30  29  29  28  28  26  26  12 170
  99  60  37  27  28  29  31  30  29  25  38  93  94  96  92 149
 198  90  36  28  29  29  30  30  31  25 100 200 196 199 197  67
 196  99  39  31  30  28  30  30  31  32  94 194 193 189 196  58
 192  86  40  30  28  26  31  32  33  25  95 197 193 193 194  70
 194  98  25  17  15  14  17  14  16  12 102 204 200 201 199  75
 195 189 178 177 176 175 181 182 184 186 144  81  84  80  78 162

 122 182 168 182 187 169 178 188 183 179 167 111 112  96 103 185
 235 105  42  34  31  39  29  39  43  33 113 235 239 237 231  89
 233 104  61  51  45  44  43  52  47  43 114 237 239 239 234  94
 235 106  66  60  59  59  57  63  56  45 113 233 242 242 238  97
 238 119  63  59  64  62  60  61  56  49 112 229 234 236 231 105
 242 220 182 198 196 150  40  54  55  55  58 113 118 120 116 162
 243 244 239 242 239 210  49  60  57  58  49  46  54  48  26 202
 241 241 239 242 240 214  53  63  59  59  57  57  54  58  34 205
 243 243 240 242 241 216  52  62  56  62  61  55  56  61  37 203
 243 243 240 242 240 217  54  62  55  60  59  56  54  59  40 200
 244 244 241 243 241 218  54  59  50  54  54  55  52  55  38 198
 244 244 241 244 242 221  55  54  51  54  52  53  55  56  34 200
 241 240 240 244 242 226  58  56  56  57  64  63  55  59  40 203
 240 242 242 244 242 221  66  67  72  68  78  75  74  79  54 211
 172 228 241 245 244 224  78  76  78  81 101 128 140 135 144 227
  45 210 239 244 241 226  67  60  59  57 113 228 243 242 236 234
  81 158 155 171 169 154 169 175 165 168 152  81  72  78  82 165
 210  84  26  21  25  29  20  22  28  20  98 208 212 211 210  79
 209  83  42  38  38  38  36  33  34  30  99 208 212 212 213  85
 210  83  42  41  41  42  40  39  36  34 101 211 210 211 212  88
 210  90  36  35  31  32  37  37  37  34  98 209 214 209 212  88
 209 185 155 165 165 124  27  36  38  34  42 102  97  99 104 151
 212 211 212 211 210 188  41  38  41  39  33  30  36  31  16 192
 211 211 213 212 210 192  46  43  44  40  38  38  37  40  21 190
 213 212 213 212 211 194  47  42  42  40  41  40  36  40  21 190
 212 212 213 212 211 196  49  42  41  37  40  40  38  40  25 185
 213 213 214 212 212 200  51  39  39  37  37  37  38  38  24 181
 213 213 214 213 212 201  51  38  38  36  35  35  36  36  21 183
 214 215 212 213 213 204  55  42  37  35  36  36  38  40  23 185
 210 213 214 213 213 206  69  51  49  50  51  48  46  51  34 190
 156 211 213 214 215 208  80  59  58  59  68 100 116 107 116 204
  24 192 212 213 212 205  64  45  42  44 104 211 211 211 211 212
  73 147 155 166 164 153 168 169 160 170 149  67  58  70  75 162
 195  76  25  17  17  21  15  16  22  12  92 197 196 194 199  78
 196  76  29  27  26  26  26  26  28  26  96 199 189 193 201  80
 196  77  35  34  36  34  32  32  30  26  94 196 193 193 200  84
 193  81  21  22  20  25  32  32  29  28  93 200 194 197 204  81
 191 167 140 141 149 119  25  29  27  28  38 100  94  95 102 144
 192 193 193 193 193 178  41  30  29  29  25  25  32  25  12 186
 193 193 194 194 194 182  46  35  30  29  29  31  31  33  16 184
 195 194 195 194 194 184  46  34  29  30  30  30  30  32  14 182
 194 194 194 194 194 185  48  34  29  30  31  30  30  31  17 181
 195 195 195 194 195 191  50  31  27  30  29  29  28  26  14 175
 195 195 196 195 195 193  49  26  28  29  28  29  30  28  15 176
 196 199 196 194 194 195  54  28  30  28  27  28  31  30  17 177
 200 197 198 196 194 196  66  38  42  40  37  36  39  40  25 178
 151 193 197 196 196 198  77  47  51  52  60  90  99  86  98 189
  18 175 195 195 193 195  62  33  34  37  99 198 196 192 194 195

 185  89  94  97 105 162 202 205 203 200 198 200 203 211 227 234
 103 231 234 238 231 116  26  34  37  40  38  34  40  54 144 236
  96 237 239 242 236 120  48  58  61  59  55  56  59  79 135 242
 112 239 239 242 234 118  54  54  56  54  52  55  55  74 140 243
 111 235 237 233 229 113  46  57  55  56  55  53  63  75 128 228
 167 113 114 113 112  58  49  57  61  59  54  52  64  78 101 113
 179  33  43  45  49  55  58  59  62  60  54  54  57  68  81  57
 183  43  47  56  56  55  57  59  56  55  50  51  56  72  78  59
 188  39  52  63  61  54  60  63  62  62  59  54  56  67  76  60
 178  29  43  57  60  40  49  53  52  54  54  55  58  66  78  67
 169  39  44  59  62 150 210 214 216 217 218 221 226 221 224 226
 187  31  45  59  64 196 239 240 241 240 241 242 242 242 244 241
 182  34  51  60  59 198 242 242 242 242 243 244 244 244 245 244
 168  42  61  66  63 182 239 239 240 240 241 241 240 242 241 239
 182 105 104 106 119 220 244 241 243 243 244 244 240 242 228 210
 122 235 233 235 238 242 243 241 243 243 244 244 241 240 172  45
 165  79  85  88  88 151 192 190 190 185 181 183 185 190 204 212
  82 210 213 212 212 104  16  21  21  25  24  21  23  34 116 211
  78 211 212 211 209  99  31  40  40  40  38  36  40  51 107 211
  72 212 212 210 214  97  36  37  36  38  38  36  38  46 116 211
  81 208 208 211 209 102  30  38  40  40  37  35  36  48 100 211
 152  98  99 101  98  42  33  38  41  40  37  35  36  51  68 104
 168  20  30  34  34  34  39  40  40  37  37  36  35  50  59  44
 165  28  34  36  37  38  41  44  42  41  39  38  37  49  58  42
 175  22  33  39  37  36  38  43  42  42  39  38  42  51  59  45
 169  20  36  40  37  27  41  46  47  49  51  51  55  69  80  64
 154  29  38  42  32 124 188 192 194 196 200 201 204 206 208 205
 169  25  38  41  31 165 210 210 211 211 212 212 213 213 215 212
 171  21  38  41  35 165 211 212 212 212 212 213 213 213 214 213
 155  26  42  42  36 155 212 213 213 213 214 214 212 214 213 212
 158  84  83  83  90 185 211 211 212 212 213 213 215 213 211 192
  81 210 209 210 210 209 212 211 213 212 213 213 214 210 156  24
 162  78  80  84  81 144 186 184 182 181 175 176 177 178 189 195
  75 199 201 200 204 102  12  16  14  17  14  15  17  25  98 194
  70 194 193 193 197  95  25  33  32  31  26  28  30  40  86 192
  58 196 189 193 194  94  32  31  30  30  28  30  31  39  99 196
  67 197 199 196 200 100  25  31  30  30  29  29  28  36  90 198
 149  92  96  94  93  38  25  29  30  31  29  28  27  37  60  99
 170  12  26  26  28  28  29  29  30  30  30  29  28  40  52  37
 160  22  28  30  29  27  29  30  29  29  27  28  30  42  51  34
 169  16  26  32  32  29  30  35  34  34  31  26  28  38  47  33
 168  15  26  32  32  25  41  46  46  48  50  49  54  66  77  62
 153  21  26  34  25 119 178 182 184 185 191 193 195 196 198 195
 164  17  26  36  20 149 193 194 194 194 195 195 194 194 196 193
 166  17  27  34  22 141 193 194 194 194 194 195 194 196 196 195
 155  25  29  35  21 140 193 194 195 194 195 196 196 198 197 195
 147  76  76  77  81 167 193 193 194 194 195 195 199 197 193 175
  73 195 196 196 193 191 192 193 195 194 195 195 196 200 151  18

 234 236 242 243 228 113  57  59  60  67 226 241 244 239 210  45
 227 144 135 140 128 101  81  78  76  78 224 244 245 241 228 172
 211  54  79  74  75  78  68  72  67  66 221 242 244 242 242 240
 203  40  59  55  63  64  57  56  56  58 226 242 244 240 240 241
 200  34  56  55  53  52  54  51  54  55 221 242 244 241 244 244
 198  38  55  52  55  54  54  50  59  54 218 241 243 241 244 244
 200  40  59  54  56  59  60  55  62  54 217 240 242 240 243 243
 203  37  61  56  55  61  62  56  62  52 216 241 242 240 243 243
 205  34  58  54  57  57  59  59  63  53 214 240 242 239 241 241
 202  26  48  54  46  49  58  57  60  49 210 239 242 239 244 243
 162 116 120 118 113  58  55  55  54  40 150 196 198 182 220 242
 105 231 236 234 229 112  49  56  61  60  62  64  59  63 119 238
  97 238 242 242 233 113  45  56  63  57  59  59  60  66 106 235
  94 234 239 239 237 114  43  47  52  43  44  45  51  61 104 233
  89 231 237 239 235 113  33  43  39  29  39  31  34  42 105 235
 185 103  96 112 111 167 179 183 188 178 169 187 182 168 182 122
 212 211 211 211 211 104  44  42  45  64 205 212 213 212 192  24
 204 116 107 116 100  68  59  58  59  80 208 215 214 213 211 156
 190  34  51  46  48  51  50  49  51  69 206 213 213 214 213 210
 185  23  40  38  36  36  35  37  42  55 204 213 213 212 215 214
 183  21  36  36  35  35  36  38  38  51 201 212 213 214 213 213
 181  24  38  38  37  37  37  39  39  51 200 212 212 214 213 213
 185  25  40  38  40  40  37  41  42  49 196 211 212 213 212 212
 190  21  40  36  40  41  40  42  42  47 194 211 212 213 212 213
 190  21  40  37  38  38  40  44  43  46 192 210 212 213 211 211
 192  16  31  36  30  33  39  41  38  41 188 210 211 212 211 212
 151 104  99  97 102  42  34  38  36  27 124 165 165 155 185 209
  88 212 209 214 209  98  34  37  37  37  32  31  35  36  90 210
  88 212 211 210 211 101  34  36  39  40  42  41  41  42  83 210
  85 213 212 212 208  99  30  34  33  36  38  38  38  42  83 209
  79 210 211 212 208  98  20  28  22  20  29  25  21  26  84 210
 165  82  78  72  81 152 168 165 175 169 154 169 171 155 158  81
 195 194 192 196 198  99  37  34  33  62 195 193 195 195 175  18
 189  98  86  99  90  60  52  51  47  77 198 196 196 197 193 151
 178  25  40  39  36  37  40  42  38  66 196 194 196 198 197 200
 177  17  30  31  28  27  28  30  28  54 195 194 194 196 199 196
 176  15  28  30  29  28  29  28  26  49 193 195 195 196 195 195
 175  14  26  28  29  29  30  27  31  50 191 195 194 195 195 195
 181  17  31  30  30  31  30  29  34  48 185 194 194 194 194 194
 182  14  32  30  30  30  30  29  34  46 184 194 194 195 194 195
 184  16  33  31  31  29  29  30  35  46 182 194 194 194 193 193
 186  12  25  32  25  25  29  29  30  41 178 193 193 193 193 192
 144 102  95  94 100  38  28  27  29  25 119 149 141 140 167 191
  81 204 197 194 200  93  28  29  32  32  25  20  22  21  81 193
  84 200 193 193 196  94  26  30  32  32  34  36  34  35  77 196
  80 201 193 189 199  96  26  28  26  26  26  26  27  29  76 196
  78 199 194 196 197  92  12  22  16  15  21  17  17  25  76 195
 162  75  70  58  67 149 170 160 169 168 153 164 166 155 147  73

