  52  78 106  90  56  60  61  61  60  59  61  61  61  67  65 133
  54 119 222 222 222 223 222 215 211 211 213 216 213 211 210 126
  54 131 230 235 236 234 234 232 234 235 236 239 239 240 233 116
  46 136 232 238 237 237 237 233 234 236 237 236 235 233 230 142
  35 128 231 234 234 231 230 228 229 231 234 236 239 238 234 139
 137 150 128 123 118 116 147 146 145 144 168 231 236 236 233 137
 227 150  62  46  42  43  48  45  44  38  53 226 231 233 231 134
 236 139  79  55  46  49  53  49  57  61  58 220 229 234 231 133
 234 167  82  60  55  56  58  55  60  60  71 221 235 239 231 131
 233 164  57  39  36  36  37  37  53  56  77 213 227 234 227 120
 233 217 187 174 174 176 178 181 184 181 173  98  84  85  86 152
 237 235 237 233 233 233 232 230 232 231 191  50  54  54  40 154
 238 237 238 234 234 236 237 237 239 237 186  53  55  52  42 138
 235 237 240 236 236 236 237 237 237 234 186  60  61  50  44 142
 235 237 240 239 238 237 236 235 236 235 200  58  64  50  43 143
 236 238 238 239 238 237 236 236 236 237 211  54  66  55  45 143
  34  56  93  83  49  53  54  55  54  52  52  52  54  59  58 131
  36  96 205 206 206 207 207 203 197 196 194 198 197 197 197 115
  34 106 206 206 208 207 207 207 207 206 204 206 206 206 206 105
  31 115 206 207 207 208 207 206 205 206 207 208 208 206 205 130
  22 114 204 206 206 206 205 205 204 203 204 206 207 206 205 125
 126 145 119 112 109 107 134 135 133 133 153 207 207 205 206 122
 206 138  32  28  24  28  33  32  31  31  47 208 208 205 206 121
 207 131  42  39  33  36  42  39  40  42  49 208 208 206 206 118
 203 154  50  40  36  37  40  37  41  40  57 207 206 206 205 115
 204 147  31  26  23  22  23  24  33  33  56 198 204 206 206 114
 207 193 166 162 162 164 166 168 171 165 151  87  75  70  74 130
 209 206 206 206 206 205 204 203 205 206 167  37  39  37  28 132
 208 208 207 208 208 208 206 205 207 206 168  33  42  34  27 126
 206 208 208 208 208 208 207 206 207 206 163  32  44  36  29 129
 206 208 208 208 208 207 208 208 208 205 176  29  45  35  28 134
 206 208 208 207 207 207 207 208 207 206 189  26  47  35  28 136
  28  49  89  82  48  52  53  53  52  51  51  51  53  56  52 126
  28  90 200 200 200 200 198 193 191 191 191 194 193 193 191 111
  25  95 190 187 189 189 188 188 189 190 189 189 188 188 188  98
  23 105 191 188 188 188 188 186 185 186 188 190 190 188 187 123
  16 105 192 191 191 189 188 188 188 188 189 189 190 188 187 118
 122 143 112 108 104 102 126 126 127 127 146 192 186 189 188 115
 196 135  29  25  22  24  30  29  27  26  47 198 187 189 188 113
 190 121  36  31  24  27  33  29  30  31  50 201 190 188 187 110
 189 145  39  31  26  28  31  28  28  26  53 196 189 188 187 107
 190 139  23  19  16  16  18  18  21  22  53 189 189 188 190  99
 190 184 153 155 155 157 159 161 164 162 149  84  71  67  71 127
 187 192 190 191 191 191 190 189 191 191 155  29  36  31  23 128
 191 189 188 190 190 190 189 188 189 187 155  25  34  27  20 120
 190 189 190 191 191 190 190 189 191 189 146  22  32  30  24 124
 190 189 190 191 190 190 190 190 191 188 161  17  33  30  23 129
 189 190 190 190 190 189 190 190 189 188 176  18  37  28  21 132

 133 126 116 142 139 137 134 133 131 120 152 154 138 142 143 143
  65 210 233 230 234 233 231 231 231 227  86  40  42  44  43  45
  67 211 240 233 238 236 233 234 239 234  85  54  52  50  50  55
  61 213 239 235 239 236 231 229 235 227  84  54  55  61  64  66
  61 216 239 236 236 231 226 220 221 213  98  50  53  60  58  54
  61 213 236 237 234 168  53  58  71  77 173 191 186 186 200 211
  59 211 235 236 231 144  38  61  60  56 181 231 237 234 235 237
  60 211 234 234 229 145  44  57  60  53 184 232 239 237 236 236
  61 215 232 233 228 146  45  49  55  37 181 230 237 237 235 236
  61 222 234 237 230 147  48  53  58  37 178 232 237 237 236 236
  60 223 234 237 231 116  43  49  56  36 176 233 236 236 237 237
  56 222 236 237 234 118  42  46  55  36 174 233 234 236 238 238
  90 222 235 238 234 123  46  55  60  39 174 233 234 236 239 239
 106 222 230 232 231 128  62  79  82  57 187 237 238 240 240 238
  78 119 131 136 128 150 150 139 167 164 217 235 237 237 237 238
  52  54  54  46  35 137 227 236 234 233 233 237 238 235 235 236
 131 115 105 130 125 122 121 118 115 114 130 132 126 129 134 136
  58 197 206 205 205 206 206 206 205 206  74  28  27  29  28  28
  59 197 206 206 206 205 205 206 206 206  70  37  34  36  35  35
  54 197 206 208 207 207 208 208 206 204  75  39  42  44  45  47
  52 198 206 208 206 207 208 208 207 198  87  37  33  32  29  26
  52 194 204 207 204 153  47  49  57  56 151 167 168 163 176 189
  52 196 206 206 203 133  31  42  40  33 165 206 206 206 205 206
  54 197 207 205 204 133  31  40  41  33 171 205 207 207 208 207
  55 203 207 206 205 135  32  39  37  24 168 203 205 206 208 208
  54 207 207 207 205 134  33  42  40  23 166 204 206 207 208 207
  53 207 207 208 206 107  28  36  37  22 164 205 208 208 207 207
  49 206 208 207 206 109  24  33  36  23 162 206 208 208 208 207
  83 206 206 207 206 112  28  39  40  26 162 206 208 208 208 207
  93 205 206 206 204 119  32  42  50  31 166 206 207 208 208 208
  56  96 106 115 114 145 138 131 154 147 193 206 208 208 208 208
  34  36  34  31  22 126 206 207 203 204 207 209 208 206 206 206
 126 111  98 123 118 115 113 110 107  99 127 128 120 124 129 132
  52 191 188 187 187 188 188 187 187 190  71  23  20  24  23  21
  56 193 188 188 188 189 189 188 188 188  67  31  27  30  30  28
  53 193 188 190 190 186 187 190 189 189  71  36  34  32  33  37
  51 194 189 190 189 192 198 201 196 189  84  29  25  22  17  18
  51 191 189 188 189 146  47  50  53  53 149 155 155 146 161 176
  51 191 190 186 188 127  26  31  26  22 162 191 187 189 188 188
  52 191 189 185 188 127  27  30  28  21 164 191 189 191 191 189
  53 193 188 186 188 126  29  29  28  18 161 189 188 189 190 190
  53 198 188 188 188 126  30  33  31  18 159 190 189 190 190 190
  52 200 189 188 189 102  24  27  28  16 157 191 190 190 190 189
  48 200 189 188 191 104  22  24  26  16 155 191 190 191 190 190
  82 200 187 188 191 108  25  31  31  19 155 191 190 191 191 190
  89 200 190 191 192 112  29  36  39  23 153 190 188 190 190 190
  49  90  95 105 105 143 135 121 145 139 184 192 189 189 189 190
  28  28  25  23  16 122 196 190 189 190 190 187 191 190 190 189

 143  45  55  66  54 211 237 236 236 236 237 238 239 238 238 236
 143  43  50  64  58 200 235 236 235 236 237 238 239 240 237 235
 142  44  50  61  60 186 234 237 237 237 236 236 236 240 237 235
 138  42  52  55  53 186 237 239 237 237 236 234 234 238 237 238
 154  40  54  54  50 191 231 232 230 232 233 233 233 237 235 237
 152  86  85  84  98 173 181 184 181 178 176 174 174 187 217 233
 120 227 234 227 213  77  56  53  37  37  36  36  39  57 164 233
 131 231 239 235 221  71  60  60  55  58  56  55  60  82 167 234
 133 231 234 229 220  58  61  57  49  53  49  46  55  79 139 236
 134 231 233 231 226  53  38  44  45  48  43  42  46  62 150 227
 137 233 236 236 231 168 144 145 146 147 116 118 123 128 150 137
 139 234 238 239 236 234 231 229 228 230 231 234 234 231 128  35
 142 230 233 235 236 237 236 234 233 237 237 237 238 232 136  46
 116 233 240 239 239 236 235 234 232 234 234 236 235 230 131  54
 126 210 211 213 216 213 211 211 215 222 223 222 222 222 119  54
 133  65  67  61  61  61  59  60  61  61  60  56  90 106  78  52
 136  28  35  47  26 189 206 207 208 207 207 207 207 208 208 206
 134  28  35  45  29 176 205 208 208 208 207 208 208 208 208 206
 129  29  36  44  32 163 206 207 206 207 208 208 208 208 208 206
 126  27  34  42  33 168 206 207 205 206 208 208 208 207 208 208
 132  28  37  39  37 167 206 205 203 204 205 206 206 206 206 209
 130  74  70  75  87 151 165 171 168 166 164 162 162 166 193 207
 114 206 206 204 198  56  33  33  24  23  22  23  26  31 147 204
 115 205 206 206 207  57  40  41  37  40  37  36  40  50 154 203
 118 206 206 208 208  49  42  40  39  42  36  33  39  42 131 207
 121 206 205 208 208  47  31  31  32  33  28  24  28  32 138 206
 122 206 205 207 207 153 133 133 135 134 107 109 112 119 145 126
 125 205 206 207 206 204 203 204 205 205 206 206 206 204 114  22
 130 205 206 208 208 207 206 205 206 207 208 207 207 206 115  31
 105 206 206 206 206 204 206 207 207 207 207 208 206 206 106  34
 115 197 197 197 198 194 196 197 203 207 207 206 206 205  96  36
 131  58  59  54  52  52  52  54  55  54  53  49  83  93  56  34
 132  21  28  37  18 176 188 189 190 190 189 190 190 190 190 189
 129  23  30  33  17 161 188 191 190 190 190 190 191 190 189 190
 124  24  30  32  22 146 189 191 189 190 190 191 191 190 189 190
 120  20  27  34  25 155 187 189 188 189 190 190 190 188 189 191
 128  23  31  36  29 155 191 191 189 190 191 191 191 190 192 187
 127  71  67  71  84 149 162 164 161 159 157 155 155 153 184 190
  99 190 188 189 189  53  22  21  18  18  16  16  19  23 139 190
 107 187 188 189 196  53  26  28  28  31  28  26  31  39 145 189
 110 187 188 190 201  50  31  30  29  33  27  24  31  36 121 190
 113 188 189 187 198  47  26  27  29  30  24  22  25  29 135 196
 115 188 189 186 192 146 127 127 126 126 102 104 108 112 143 122
 118 187 188 190 189 189 188 188 188 188 189 191 191 192 105  16
 123 187 188 190 190 188 186 185 186 188 188 188 188 191 105  23
  98 188 188 188 189 189 190 189 188 188 189 189 187 190  95  25
 111 191 193 193 194 191 191 191 193 198 200 200 200 200  90  28
 126  52  56  53  51  51  51  52  53  53  52  48  82  89  49  28

 236 235 235 238 237 233 233 234 236 227 137  35  46  54  54  52
 238 237 237 237 235 217 164 167 139 150 150 128 136 131 119  78
 238 240 240 238 237 187  57  82  79  62 128 231 232 230 222 106
 239 239 236 234 233 174  39  60  55  46 123 234 238 235 222  90
 238 238 236 234 233 174  36  55  46  42 118 234 237 236 222  56
 237 237 236 236 233 176  36  56  49  43 116 231 237 234 223  60
 236 236 237 237 232 178  37  58  53  48 147 230 237 234 222  61
 236 235 237 237 230 181  37  55  49  45 146 228 233 232 215  61
 236 236 237 239 232 184  53  60  57  44 145 229 234 234 211  60
 237 235 234 237 231 181  56  60  61  38 144 231 236 235 211  59
 211 200 186 186 191 173  77  71  58  53 168 234 237 236 213  61
  54  58  60  53  50  98 213 221 220 226 231 236 236 239 216  61
  66  64  61  55  54  84 227 235 229 231 236 239 235 239 213  61
  55  50  50  52  54  85 234 239 234 233 236 238 233 240 211  67
  45  43  44  42  40  86 227 231 231 231 233 234 230 233 210  65
 143 143 142 138 154 152 120 131 133 134 137 139 142 116 126 133
 206 206 206 208 209 207 204 203 207 206 126  22  31  34  36  34
 208 208 208 208 206 193 147 154 131 138 145 114 115 106  96  56
 208 208 208 207 206 166  31  50  42  32 119 204 206 206 205  93
 207 208 208 208 206 162  26  40  39  28 112 206 207 206 206  83
 207 208 208 208 206 162  23  36  33  24 109 206 207 208 206  49
 207 207 208 208 205 164  22  37  36  28 107 206 208 207 207  53
 207 208 207 206 204 166  23  40  42  33 134 205 207 207 207  54
 208 208 206 205 203 168  24  37  39  32 135 205 206 207 203  55
 207 208 207 207 205 171  33  41  40  31 133 204 205 207 197  54
 206 205 206 206 206 165  33  40  42  31 133 203 206 206 196  52
 189 176 163 168 167 151  56  57  49  47 153 204 207 204 194  52
  26  29  32  33  37  87 198 207 208 208 207 206 208 206 198  52
  47  45  44  42  39  75 204 206 208 208 207 207 208 206 197  54
  35  35  36  34  37  70 206 206 206 205 205 206 206 206 197  59
  28  28  29  27  28  74 206 205 206 206 206 205 205 206 197  58
 136 134 129 126 132 130 114 115 118 121 122 125 130 105 115 131
 189 190 190 191 187 190 190 189 190 196 122  16  23  25  28  28
 190 189 189 189 192 184 139 145 121 135 143 105 105  95  90  49
 190 190 190 188 190 153  23  39  36  29 112 192 191 190 200  89
 190 191 191 190 191 155  19  31  31  25 108 191 188 187 200  82
 190 190 191 190 191 155  16  26  24  22 104 191 188 189 200  48
 189 190 190 190 191 157  16  28  27  24 102 189 188 189 200  52
 190 190 190 189 190 159  18  31  33  30 126 188 188 188 198  53
 190 190 189 188 189 161  18  28  29  29 126 188 186 188 193  53
 189 191 191 189 191 164  21  28  30  27 127 188 185 189 191  52
 188 188 189 187 191 162  22  26  31  26 127 188 186 190 191  51
 176 161 146 155 155 149  53  53  50  47 146 189 188 189 191  51
  18  17  22  25  29  84 189 196 201 198 192 189 190 189 194  51
  37  33  32  34  36  71 189 189 190 187 186 190 190 188 193  53
  28  30  30  27  31  67 188 188 188 189 189 188 188 188 193  56
  21  23  24  20  23  71 190 187 187 188 188 187 187 188 191  52
 132 129 124 120 128 127  99 107 110 113 115 118 123  98 111 126

