 234 221  71  56  58  59  66  64  61  59  39 162 232 234 233 213
 232 208  69  55  60  61  66  63  55  62  41 165 234 236 236 208
 233 228  51  53  64  65  68  63  56  63  42 166 232 237 237 196
 237 233  57  62  63  63  68  65  60  60  36 178 231 236 236 195
 238 232  54  58  64  58  69  67  63  59  31 175 229 235 234 220
 241 221  79  37  60  42  49  45  39  39  32 174 224 222 230 202
 237 233 201 193 196 185 185 182 175 175 168 128 106 110 112 134
 234 235 228 233 233 231 233 234 230 231 223  95  47  54  50  60
 236 234 233 235 237 235 233 232 235 244 231  99  49  50  57  76
 237 235 237 237 238 235 235 233 233 240 238 102  53  47  55 100
 237 237 238 238 236 234 235 236 233 239 237  95  50  49  49  92
 238 238 237 238 235 234 236 237 233 236 232 109  51  47  48  65
 238 238 237 238 236 236 238 237 230 232 233 102  55  45  54  84
 236 236 236 236 236 236 239 232 231 238 233 100  58  51  55  74
 235 236 236 236 236 235 240 234 233 238 232  99  60  49  55  73
 236 237 237 238 238 238 237 236 236 236 231 101  57  50  54  74
 210 197  45  37  43  44  49  44  41  40  23 152 207 207 207 191
 210 185  47  36  45  42  45  44  39  43  24 156 208 207 208 179
 209 201  33  34  48  44  46  44  43  47  28 156 208 209 206 167
 208 202  29  38  45  44  47  46  45  45  25 165 206 209 207 172
 208 206  24  35  41  43  48  46  45  44  22 161 206 208 206 197
 210 197  43  22  48  36  37  34  31  27  21 162 205 208 203 185
 208 206 171 176 179 176 173 172 168 164 158 117  88  92  96 115
 209 210 208 205 205 204 203 206 205 204 204  83  29  36  31  54
 209 209 210 209 207 207 206 206 206 207 203  83  33  36  36  60
 205 206 208 207 207 207 207 206 206 208 206  84  35  37  35  65
 206 206 207 207 205 205 207 207 207 208 207  77  32  36  35  70
 207 207 206 207 204 205 207 208 208 207 205  91  33  35  35  59
 207 207 206 207 205 206 208 208 207 206 207  85  38  37  33  72
 208 208 207 208 208 207 207 208 209 206 206  82  38  35  36  61
 207 208 208 208 208 207 207 208 208 208 205  79  40  35  36  59
 206 206 206 207 207 207 207 208 208 209 209  80  39  36  36  62
 190 182  35  30  32  34  40  36  35  34  16 149 192 189 186 179
 190 171  39  29  34  34  36  37  32  34  19 153 191 189 189 166
 191 188  27  28  38  37  37  37  34  35  23 154 190 191 189 154
 190 188  23  33  35  37  38  39  37  33  20 160 190 191 188 160
 191 191  17  29  34  35  39  39  37  32  16 157 193 191 188 184
 192 180  35  16  42  31  29  28  29  29  20 157 195 191 193 181
 189 189 160 168 174 171 166 165 164 166 157 112  81  84  88 111
 190 192 191 193 194 192 189 191 190 193 195  77  23  25  23  48
 191 191 191 191 191 189 188 187 184 188 192  80  34  30  32  60
 188 188 190 190 190 188 189 187 185 185 188  74  35  26  28  57
 188 188 190 190 187 187 189 189 188 187 188  67  30  29  28  64
 190 190 189 190 187 187 188 190 189 188 190  83  27  28  31  55
 190 190 189 190 188 188 189 190 188 189 195  79  24  26  28  69
 190 190 189 190 190 188 190 190 190 187 192  76  27  27  29  59
 188 190 190 190 190 189 190 190 190 189 190  72  29  27  30  57
 188 189 189 190 190 190 190 190 190 189 193  73  28  28  29  60

 213 208 196 195 220 202 134  60  76 100  92  65  84  74  73  74
 233 236 237 236 234 230 112  50  57  55  49  48  54  55  55  54
 234 236 237 236 235 222 110  54  50  47  49  47  45  51  49  50
 232 234 232 231 229 224 106  47  49  53  50  51  55  58  60  57
 162 165 166 178 175 174 128  95  99 102  95 109 102 100  99 101
  39  41  42  36  31  32 168 223 231 238 237 232 233 233 232 231
  59  62  63  60  59  39 175 231 244 240 239 236 232 238 238 236
  61  55  56  60  63  39 175 230 235 233 233 233 230 231 233 236
  64  63  63  65  67  45 182 234 232 233 236 237 237 232 234 236
  66  66  68  68  69  49 185 233 233 235 235 236 238 239 240 237
  59  61  65  63  58  42 185 231 235 235 234 234 236 236 235 238
  58  60  64  63  64  60 196 233 237 238 236 235 236 236 236 238
  56  55  53  62  58  37 193 233 235 237 238 238 238 236 236 238
  71  69  51  57  54  79 201 228 233 237 238 237 237 236 236 237
 221 208 228 233 232 221 233 235 234 235 237 238 238 236 236 237
 234 232 233 237 238 241 237 234 236 237 237 238 238 236 235 236
 191 179 167 172 197 185 115  54  60  65  70  59  72  61  59  62
 207 208 206 207 206 203  96  31  36  35  35  35  33  36  36  36
 207 207 209 209 208 208  92  36  36  37  36  35  37  35  35  36
 207 208 208 206 206 205  88  29  33  35  32  33  38  38  40  39
 152 156 156 165 161 162 117  83  83  84  77  91  85  82  79  80
  23  24  28  25  22  21 158 204 203 206 207 205 207 206 205 209
  40  43  47  45  44  27 164 204 207 208 208 207 206 206 208 209
  41  39  43  45  45  31 168 205 206 206 207 208 207 209 208 208
  44  44  44  46  46  34 172 206 206 206 207 208 208 208 208 208
  49  45  46  47  48  37 173 203 206 207 207 207 208 207 207 207
  44  42  44  44  43  36 176 204 207 207 205 205 206 207 207 207
  43  45  48  45  41  48 179 205 207 207 205 204 205 208 208 207
  37  36  34  38  35  22 176 205 209 207 207 207 207 208 208 207
  45  47  33  29  24  43 171 208 210 208 207 206 206 207 208 206
 197 185 201 202 206 197 206 210 209 206 206 207 207 208 208 206
 210 210 209 208 208 210 208 209 209 205 206 207 207 208 207 206
 179 166 154 160 184 181 111  48  60  57  64  55  69  59  57  60
 186 189 189 188 188 193  88  23  32  28  28  31  28  29  30  29
 189 189 191 191 191 191  84  25  30  26  29  28  26  27  27  28
 192 191 190 190 193 195  81  23  34  35  30  27  24  27  29  28
 149 153 154 160 157 157 112  77  80  74  67  83  79  76  72  73
  16  19  23  20  16  20 157 195 192 188 188 190 195 192 190 193
  34  34  35  33  32  29 166 193 188 185 187 188 189 187 189 189
  35  32  34  37  37  29 164 190 184 185 188 189 188 190 190 190
  36  37  37  39  39  28 165 191 187 187 189 190 190 190 190 190
  40  36  37  38  39  29 166 189 188 189 189 188 189 190 190 190
  34  34  37  37  35  31 171 192 189 188 187 187 188 188 189 190
  32  34  38  35  34  42 174 194 191 190 187 187 188 190 190 190
  30  29  28  33  29  16 168 193 191 190 190 190 190 190 190 190
  35  39  27  23  17  35 160 191 191 190 190 189 189 189 190 189
 182 171 188 188 191 180 189 192 191 188 188 190 190 190 190 189
 190 190 191 190 191 192 189 190 191 188 188 190 190 190 188 188

  74  54  50  57 101 231 236 236 236 237 238 238 238 237 237 236
  73  55  49  60  99 232 238 233 234 240 235 236 236 236 236 235
  74  55  51  58 100 233 238 231 232 239 236 236 236 236 236 236
  84  54  45  55 102 233 232 230 237 238 236 236 238 237 238 238
  65  48  47  51 109 232 236 233 237 236 234 235 238 237 238 238
  92  49  49  50  95 237 239 233 236 235 234 236 238 238 237 237
 100  55  47  53 102 238 240 233 233 235 235 238 237 237 235 237
  76  57  50  49  99 231 244 235 232 233 235 237 235 233 234 236
  60  50  54  47  95 223 231 230 234 233 231 233 233 228 235 234
 134 112 110 106 128 168 175 175 182 185 185 196 193 201 233 237
 202 230 222 224 174  32  39  39  45  49  42  60  37  79 221 241
 220 234 235 229 175  31  59  63  67  69  58  64  58  54 232 238
 195 236 236 231 178  36  60  60  65  68  63  63  62  57 233 237
 196 237 237 232 166  42  63  56  63  68  65  64  53  51 228 233
 208 236 236 234 165  41  62  55  63  66  61  60  55  69 208 232
 213 233 234 232 162  39  59  61  64  66  59  58  56  71 221 234
  62  36  36  39  80 209 209 208 208 207 207 207 207 206 206 206
  59  36  35  40  79 205 208 208 208 207 207 208 208 208 208 207
  61  36  35  38  82 206 206 209 208 207 207 208 208 207 208 208
  72  33  37  38  85 207 206 207 208 208 206 205 207 206 207 207
  59  35  35  33  91 205 207 208 208 207 205 204 207 206 207 207
  70  35  36  32  77 207 208 207 207 207 205 205 207 207 206 206
  65  35  37  35  84 206 208 206 206 207 207 207 207 208 206 205
  60  36  36  33  83 203 207 206 206 206 207 207 209 210 209 209
  54  31  36  29  83 204 204 205 206 203 204 205 205 208 210 209
 115  96  92  88 117 158 164 168 172 173 176 179 176 171 206 208
 185 203 208 205 162  21  27  31  34  37  36  48  22  43 197 210
 197 206 208 206 161  22  44  45  46  48  43  41  35  24 206 208
 172 207 209 206 165  25  45  45  46  47  44  45  38  29 202 208
 167 206 209 208 156  28  47  43  44  46  44  48  34  33 201 209
 179 208 207 208 156  24  43  39  44  45  42  45  36  47 185 210
 191 207 207 207 152  23  40  41  44  49  44  43  37  45 197 210
  60  29  28  28  73 193 189 190 190 190 190 190 190 189 189 188
  57  30  27  29  72 190 189 190 190 190 189 190 190 190 190 188
  59  29  27  27  76 192 187 190 190 190 188 190 190 189 190 190
  69  28  26  24  79 195 189 188 190 189 188 188 190 189 190 190
  55  31  28  27  83 190 188 189 190 188 187 187 190 189 190 190
  64  28  29  30  67 188 187 188 189 189 187 187 190 190 188 188
  57  28  26  35  74 188 185 185 187 189 188 190 190 190 188 188
  60  32  30  34  80 192 188 184 187 188 189 191 191 191 191 191
  48  23  25  23  77 195 193 190 191 189 192 194 193 191 192 190
 111  88  84  81 112 157 166 164 165 166 171 174 168 160 189 189
 181 193 191 195 157  20  29  29  28  29  31  42  16  35 180 192
 184 188 191 193 157  16  32  37  39  39  35  34  29  17 191 191
 160 188 191 190 160  20  33  37  39  38  37  35  33  23 188 190
 154 189 191 190 154  23  35  34  37  37  37  38  28  27 188 191
 166 189 189 191 153  19  34  32  37  36  34  34  29  39 171 190
 179 186 189 192 149  16  34  35  36  40  34  32  30  35 182 190

 236 235 236 238 238 237 237 236 234 237 241 238 237 233 232 234
 237 236 236 238 238 237 235 234 235 233 221 232 233 228 208 221
 237 236 236 237 237 238 237 233 228 201  79  54  57  51  69  71
 238 236 236 238 238 238 237 235 233 193  37  58  62  53  55  56
 238 236 236 236 235 236 238 237 233 196  60  64  63  64  60  58
 238 235 236 236 234 234 235 235 231 185  42  58  63  65  61  59
 237 240 239 238 236 235 235 233 233 185  49  69  68  68  66  66
 236 234 232 237 237 236 233 232 234 182  45  67  65  63  63  64
 236 233 231 230 233 233 233 235 230 175  39  63  60  56  55  61
 236 238 238 232 236 239 240 244 231 175  39  59  60  63  62  59
 231 232 233 233 232 237 238 231 223 168  32  31  36  42  41  39
 101  99 100 102 109  95 102  99  95 128 174 175 178 166 165 162
  57  60  58  55  51  50  53  49  47 106 224 229 231 232 234 232
  50  49  51  45  47  49  47  50  54 110 222 235 236 237 236 234
  54  55  55  54  48  49  55  57  50 112 230 234 236 237 236 233
  74  73  74  84  65  92 100  76  60 134 202 220 195 196 208 213
 206 207 208 207 207 206 205 209 209 208 210 208 208 209 210 210
 206 208 208 207 207 206 206 209 210 206 197 206 202 201 185 197
 206 208 207 206 206 207 208 210 208 171  43  24  29  33  47  45
 207 208 208 207 207 207 207 209 205 176  22  35  38  34  36  37
 207 208 208 205 204 205 207 207 205 179  48  41  45  48  45  43
 207 207 207 206 205 205 207 207 204 176  36  43  44  44  42  44
 207 207 207 208 207 207 207 206 203 173  37  48  47  46  45  49
 208 208 208 208 208 207 206 206 206 172  34  46  46  44  44  44
 208 208 209 207 208 207 206 206 205 168  31  45  45  43  39  41
 209 208 206 206 207 208 208 207 204 164  27  44  45  47  43  40
 209 205 206 207 205 207 206 203 204 158  21  22  25  28  24  23
  80  79  82  85  91  77  84  83  83 117 162 161 165 156 156 152
  39  40  38  38  33  32  35  33  29  88 205 206 206 208 208 207
  36  35  35  37  35  36  37  36  36  92 208 208 209 209 207 207
  36  36  36  33  35  35  35  36  31  96 203 206 207 206 208 207
  62  59  61  72  59  70  65  60  54 115 185 197 172 167 179 191
 188 188 190 190 190 188 188 191 190 189 192 191 190 191 190 190
 189 190 190 190 190 188 188 191 192 189 180 191 188 188 171 182
 189 190 189 189 189 190 190 191 191 160  35  17  23  27  39  35
 190 190 190 190 190 190 190 191 193 168  16  29  33  28  29  30
 190 190 190 188 187 187 190 191 194 174  42  34  35  38  34  32
 190 189 188 188 187 187 188 189 192 171  31  35  37  37  34  34
 190 190 190 189 188 189 189 188 189 166  29  39  38  37  36  40
 190 190 190 190 190 189 187 187 191 165  28  39  39  37  37  36
 190 190 190 188 189 188 185 184 190 164  29  37  37  34  32  35
 189 189 187 189 188 187 185 188 193 166  29  32  33  35  34  34
 193 190 192 195 190 188 188 192 195 157  20  16  20  23  19  16
  73  72  76  79  83  67  74  80  77 112 157 157 160 154 153 149
  28  29  27  24  27  30  35  34  23  81 195 193 190 190 191 192
  28  27  27  26  28  29  26  30  25  84 191 191 191 191 189 189
  29  30  29  28  31  28  28  32  23  88 193 188 188 189 189 186
  60  57  59  69  55  64  57  60  48 111 181 184 160 154 166 179

