  56 150 210 219 220 217 223 215 215 217 220 219 219 218 216  94
 162 155  99 108  75  92  97  95  86 107 142 212 221 220 217 105
 210 139  79  65  49  54  55  58  58  54  97 213 223 217 214 100
 216 148  73  67  57  51  54  56  60  57  73 211 219 215 211  74
 219 151  77  62  58  57  59  57  59  55  70 210 215 212 210  87
 218 170  84  71  55  46  49  48  65  74  98 201 199 197 197  96
 218 218 218 204 201 209 206 207 207 203 163  38  32  29  41 152
 221 215 217 218 222 223 220 218 217 214 175  41  55  47  33 164
 219 216 218 217 218 219 220 219 219 211 162  43  55  50  34 151
 215 214 216 211 214 216 217 213 210 207 165  36  54  49  39 147
 146 158 129 139 134 142 145 156 139 141 117  42  53  47  37 142
  45  62  58  33  34  37  39  36  32  43  40  45  52  46  32 152
  59  76  71  58  49  49  50  50  51  46  43  45  53  44  26 148
  64  84  78  59  49  48  51  51  50  42  42  48  57  46  31 154
  51  56  56  51  42  45  52  39  41  41  36  44  50  48  35 138
 178 188 181 169 155 173 159 158 164 159 111  35  51  44  33 161
  34 123 193 194 195 192 192 191 189 190 191 190 190 188 189  80
 147 134  84  92  68  83  79  80  75  90 123 190 190 188 188  80
 191 125  49  42  30  36  37  38  35  28  74 191 187 188 186  75
 190 129  47  44  37  33  37  37  38  34  57 188 188 188 187  66
 191 125  54  43  37  36  38  38  37  34  64 186 188 187 187  77
 191 141  57  54  39  29  28  21  37  51  75 181 187 187 182  85
 188 191 186 177 182 190 186 187 185 176 136  22  30  24  29 134
 188 189 188 187 188 187 187 189 190 185 152  22  37  29  19 139
 189 187 184 186 185 185 186 185 186 185 144  29  35  31  23 138
 186 185 184 185 186 185 185 184 186 182 149  25  36  32  24 137
 126 144 118 127 123 128 131 143 129 132 105  25  35  30  21 128
  31  45  39  27  25  23  25  22  20  27  24  30  34  30  17 137
  40  61  52  38  30  31  34  32  33  31  28  33  35  31  17 136
  45  67  56  39  32  31  33  32  32  31  28  35  36  30  21 146
  29  37  36  34  23  21  25  17  21  25  21  28  32  29  18 125
 153 167 156 147 138 155 141 139 143 140  98  22  32  29  17 132
  29 113 181 183 179 172 173 175 175 173 172 170 171 171 168  74
 137 118  78  86  62  77  74  76  78  88 114 173 170 170 172  73
 173 116  41  33  24  30  30  28  28  20  70 178 171 169 171  67
 171 117  38  33  30  27  30  28  31  24  53 176 170 169 172  58
 174 113  42  31  30  30  32  29  29  25  58 175 168 168 172  69
 173 126  46  44  33  25  23  18  30  42  79 177 170 175 173  80
 170 173 172 164 169 178 175 177 177 162 126  17  23  23  24 124
 171 171 170 166 168 166 166 166 168 168 143  19  28  25  16 134
 171 170 169 169 168 167 167 167 168 166 131  22  29  25  16 136
 169 169 170 166 167 167 167 167 170 170 141  19  28  24  20 135
 121 136 109 118 117 123 126 137 124 129 103  21  25  21  16 124
  26  34  27  24  21  18  20  18  15  21  19  24  24  22  13 131
  26  44  35  28  22  23  25  24  24  23  21  26  25  22  12 131
  32  51  40  29  23  22  24  23  24  22  21  27  27  20  15 140
  22  26  26  23  14  15  20  12  16  18  16  25  24  22  17 117
 138 151 141 133 125 145 132 132 139 129  89  19  25  22  11 121

  94 105 100  74  87  96 152 164 151 147 142 152 148 154 138 161
 216 217 214 211 210 197  41  33  34  39  37  32  26  31  35  33
 218 220 217 215 212 197  29  47  50  49  47  46  44  46  48  44
 219 221 223 219 215 199  32  55  55  54  53  52  53  57  50  51
 219 212 213 211 210 201  38  41  43  36  42  45  45  48  44  35
 220 142  97  73  70  98 163 175 162 165 117  40  43  42  36 111
 217 107  54  57  55  74 203 214 211 207 141  43  46  42  41 159
 215  86  58  60  59  65 207 217 219 210 139  32  51  50  41 164
 215  95  58  56  57  48 207 218 219 213 156  36  50  51  39 158
 223  97  55  54  59  49 206 220 220 217 145  39  50  51  52 159
 217  92  54  51  57  46 209 223 219 216 142  37  49  48  45 173
 220  75  49  57  58  55 201 222 218 214 134  34  49  49  42 155
 219 108  65  67  62  71 204 218 217 211 139  33  58  59  51 169
 210  99  79  73  77  84 218 217 218 216 129  58  71  78  56 181
 150 155 139 148 151 170 218 215 216 214 158  62  76  84  56 188
  56 162 210 216 219 218 218 221 219 215 146  45  59  64  51 178
  80  80  75  66  77  85 134 139 138 137 128 137 136 146 125 132
 189 188 186 187 187 182  29  19  23  24  21  17  17  21  18  17
 188 188 188 188 187 187  24  29  31  32  30  30  31  30  29  29
 190 190 187 188 188 187  30  37  35  36  35  34  35  36  32  32
 190 190 191 188 186 181  22  22  29  25  25  30  33  35  28  22
 191 123  74  57  64  75 136 152 144 149 105  24  28  28  21  98
 190  90  28  34  34  51 176 185 185 182 132  27  31  31  25 140
 189  75  35  38  37  37 185 190 186 186 129  20  33  32  21 143
 191  80  38  37  38  21 187 189 185 184 143  22  32  32  17 139
 192  79  37  37  38  28 186 187 186 185 131  25  34  33  25 141
 192  83  36  33  36  29 190 187 185 185 128  23  31  31  21 155
 195  68  30  37  37  39 182 188 185 186 123  25  30  32  23 138
 194  92  42  44  43  54 177 187 186 185 127  27  38  39  34 147
 193  84  49  47  54  57 186 188 184 184 118  39  52  56  36 156
 123 134 125 129 125 141 191 189 187 185 144  45  61  67  37 167
  34 147 191 190 191 191 188 188 189 186 126  31  40  45  29 153
  74  73  67  58  69  80 124 134 136 135 124 131 131 140 117 121
 168 172 171 172 172 173  24  16  16  20  16  13  12  15  17  11
 171 170 169 169 168 175  23  25  25  24  21  22  22  20  22  22
 171 170 171 170 168 170  23  28  29  28  25  24  25  27  24  25
 170 173 178 176 175 177  17  19  22  19  21  24  26  27  25  19
 172 114  70  53  58  79 126 143 131 141 103  19  21  21  16  89
 173  88  20  24  25  42 162 168 166 170 129  21  23  22  18 129
 175  78  28  31  29  30 177 168 168 170 124  15  24  24  16 139
 175  76  28  28  29  18 177 166 167 167 137  18  24  23  12 132
 173  74  30  30  32  23 175 166 167 167 126  20  25  24  20 132
 172  77  30  27  30  25 178 166 167 167 123  18  23  22  15 145
 179  62  24  30  30  33 169 168 168 167 117  21  22  23  14 125
 183  86  33  33  31  44 164 166 169 166 118  24  28  29  23 133
 181  78  41  38  42  46 172 170 169 170 109  27  35  40  26 141
 113 118 116 117 113 126 173 171 170 169 136  34  44  51  26 151
  29 137 173 171 174 173 170 171 171 169 121  26  26  32  22 138

 161  33  44  51  35 111 159 164 158 159 173 155 169 181 188 178
 138  35  48  50  44  36  41  41  39  52  45  42  51  56  56  51
 154  31  46  57  48  42  42  50  51  51  48  49  59  78  84  64
 148  26  44  53  45  43  46  51  50  50  49  49  58  71  76  59
 152  32  46  52  45  40  43  32  36  39  37  34  33  58  62  45
 142  37  47  53  42 117 141 139 156 145 142 134 139 129 158 146
 147  39  49  54  36 165 207 210 213 217 216 214 211 216 214 215
 151  34  50  55  43 162 211 219 219 220 219 218 217 218 216 219
 164  33  47  55  41 175 214 217 218 220 223 222 218 217 215 221
 152  41  29  32  38 163 203 207 207 206 209 201 204 218 218 218
  96 197 197 199 201  98  74  65  48  49  46  55  71  84 170 218
  87 210 212 215 210  70  55  59  57  59  57  58  62  77 151 219
  74 211 215 219 211  73  57  60  56  54  51  57  67  73 148 216
 100 214 217 223 213  97  54  58  58  55  54  49  65  79 139 210
 105 217 220 221 212 142 107  86  95  97  92  75 108  99 155 162
  94 216 218 219 219 220 217 215 215 223 217 220 219 210 150  56
 132  17  29  32  22  98 140 143 139 141 155 138 147 156 167 153
 125  18  29  32  28  21  25  21  17  25  21  23  34  36  37  29
 146  21  30  36  35  28  31  32  32  33  31  32  39  56  67  45
 136  17  31  35  33  28  31  33  32  34  31  30  38  52  61  40
 137  17  30  34  30  24  27  20  22  25  23  25  27  39  45  31
 128  21  30  35  25 105 132 129 143 131 128 123 127 118 144 126
 137  24  32  36  25 149 182 186 184 185 185 186 185 184 185 186
 138  23  31  35  29 144 185 186 185 186 185 185 186 184 187 189
 139  19  29  37  22 152 185 190 189 187 187 188 187 188 189 188
 134  29  24  30  22 136 176 185 187 186 190 182 177 186 191 188
  85 182 187 187 181  75  51  37  21  28  29  39  54  57 141 191
  77 187 187 188 186  64  34  37  38  38  36  37  43  54 125 191
  66 187 188 188 188  57  34  38  37  37  33  37  44  47 129 190
  75 186 188 187 191  74  28  35  38  37  36  30  42  49 125 191
  80 188 188 190 190 123  90  75  80  79  83  68  92  84 134 147
  80 189 188 190 190 191 190 189 191 192 192 195 194 193 123  34
 121  11  22  25  19  89 129 139 132 132 145 125 133 141 151 138
 117  17  22  24  25  16  18  16  12  20  15  14  23  26  26  22
 140  15  20  27  27  21  22  24  23  24  22  23  29  40  51  32
 131  12  22  25  26  21  23  24  24  25  23  22  28  35  44  26
 131  13  22  24  24  19  21  15  18  20  18  21  24  27  34  26
 124  16  21  25  21 103 129 124 137 126 123 117 118 109 136 121
 135  20  24  28  19 141 170 170 167 167 167 167 166 170 169 169
 136  16  25  29  22 131 166 168 167 167 167 168 169 169 170 171
 134  16  25  28  19 143 168 168 166 166 166 168 166 170 171 171
 124  24  23  23  17 126 162 177 177 175 178 169 164 172 173 170
  80 173 175 170 177  79  42  30  18  23  25  33  44  46 126 173
  69 172 168 168 175  58  25  29  29  32  30  30  31  42 113 174
  58 172 169 170 176  53  24  31  28  30  27  30  33  38 117 171
  67 171 169 171 178  70  20  28  28  30  30  24  33  41 116 173
  73 172 170 170 173 114  88  78  76  74  77  62  86  78 118 137
  74 168 171 171 170 172 173 175 175 173 172 179 183 181 113  29

 178  51  64  59  45 146 215 219 221 218 218 219 216 210 162  56
 188  56  84  76  62 158 214 216 215 218 170 151 148 139 155 150
 181  56  78  71  58 129 216 218 217 218  84  77  73  79  99 210
 169  51  59  58  33 139 211 217 218 204  71  62  67  65 108 219
 155  42  49  49  34 134 214 218 222 201  55  58  57  49  75 220
 173  45  48  49  37 142 216 219 223 209  46  57  51  54  92 217
 159  52  51  50  39 145 217 220 220 206  49  59  54  55  97 223
 158  39  51  50  36 156 213 219 218 207  48  57  56  58  95 215
 164  41  50  51  32 139 210 219 217 207  65  59  60  58  86 215
 159  41  42  46  43 141 207 211 214 203  74  55  57  54 107 217
 111  36  42  43  40 117 165 162 175 163  98  70  73  97 142 220
  35  44  48  45  45  42  36  43  41  38 201 210 211 213 212 219
  51  50  57  53  52  53  54  55  55  32 199 215 219 223 221 219
  44  48  46  44  46  47  49  50  47  29 197 212 215 217 220 218
  33  35  31  26  32  37  39  34  33  41 197 210 211 214 217 216
 161 138 154 148 152 142 147 151 164 152  96  87  74 100 105  94
 153  29  45  40  31 126 186 189 188 188 191 191 190 191 147  34
 167  37  67  61  45 144 185 187 189 191 141 125 129 125 134 123
 156  36  56  52  39 118 184 184 188 186  57  54  47  49  84 193
 147  34  39  38  27 127 185 186 187 177  54  43  44  42  92 194
 138  23  32  30  25 123 186 185 188 182  39  37  37  30  68 195
 155  21  31  31  23 128 185 185 187 190  29  36  33  36  83 192
 141  25  33  34  25 131 185 186 187 186  28  38  37  37  79 192
 139  17  32  32  22 143 184 185 189 187  21  38  37  38  80 191
 143  21  32  33  20 129 186 186 190 185  37  37  38  35  75 189
 140  25  31  31  27 132 182 185 185 176  51  34  34  28  90 190
  98  21  28  28  24 105 149 144 152 136  75  64  57  74 123 191
  22  28  35  33  30  25  25  29  22  22 181 186 188 191 190 190
  32  32  36  35  34  35  36  35  37  30 187 188 188 187 190 190
  29  29  30  31  30  30  32  31  29  24 187 187 188 188 188 188
  17  18  21  17  17  21  24  23  19  29 182 187 187 186 188 189
 132 125 146 136 137 128 137 138 139 134  85  77  66  75  80  80
 138  22  32  26  26 121 169 171 171 170 173 174 171 173 137  29
 151  26  51  44  34 136 169 170 171 173 126 113 117 116 118 113
 141  26  40  35  27 109 170 169 170 172  46  42  38  41  78 181
 133  23  29  28  24 118 166 169 166 164  44  31  33  33  86 183
 125  14  23  22  21 117 167 168 168 169  33  30  30  24  62 179
 145  15  22  23  18 123 167 167 166 178  25  30  27  30  77 172
 132  20  24  25  20 126 167 167 166 175  23  32  30  30  74 173
 132  12  23  24  18 137 167 167 166 177  18  29  28  28  76 175
 139  16  24  24  15 124 170 168 168 177  30  29  31  28  78 175
 129  18  22  23  21 129 170 166 168 162  42  25  24  20  88 173
  89  16  21  21  19 103 141 131 143 126  79  58  53  70 114 172
  19  25  27  26  24  21  19  22  19  17 177 175 176 178 173 170
  25  24  27  25  24  25  28  29  28  23 170 168 170 171 170 171
  22  22  20  22  22  21  24  25  25  23 175 168 169 169 170 171
  11  17  15  12  13  16  20  16  16  24 173 172 172 171 172 168
 121 117 140 131 131 124 135 136 134 124  80  69  58  67  73  74

