  51 146 233 241 243 243 242 243 244 243 238 237 238 236 236 157
 159 200 235 242 241 242 242 243 243 244 235 134 112 110 108 154
 244 242 241 243 241 241 243 245 246 246 224  58  62  56  55 147
 244 241 241 240 243 242 243 244 242 241 217  66  72  66  53 135
 237 238 244 240 244 245 245 244 243 241 225  56  66  65  64 143
 242 236 240 240 240 238 233 239 234 232 208  63  77  54  66 157
 240 206  91  89  84  80  77  97  82  55  93 219 222 224 213 144
 241 171  58  64  66  85  88  87  72  62  79 229 241 241 241 149
 242 167  48  72  73  84  89  85  68  73  74 227 238 246 241 157
 244 180  55  73  78  85  93  90  81  73  78 233 240 240 237 152
 240 203  96  91  96 102 105  99  97 111 121 183 181 176 184 158
 244 241 238 237 239 239 237 228 233 241 223  60  54  56  51 143
 243 240 244 245 243 240 238 239 244 243 229  78  72  60  51 142
 244 238 242 248 247 247 239 244 238 242 222  58  59  58  48 154
 239 232 236 240 243 239 241 239 242 240 230  58  66  69  55 143
 119 126 115 128 121 126 122 124 118 117  93  48  68  69  59 143
  30 130 211 212 213 213 213 213 214 213 211 213 213 212 211 132
 134 177 212 213 212 213 213 214 214 213 209 114  97  92  92 138
 212 212 215 214 212 212 213 215 214 211 198  33  48  44  38 121
 212 212 212 213 213 212 212 214 213 213 195  38  52  50  36 124
 213 213 211 213 212 213 213 213 212 211 199  36  46  48  38 118
 212 213 213 213 211 212 209 214 210 210 182  39  54  32  43 138
 213 179  74  74  72  68  65  74  64  51  88 200 195 206 198 129
 213 147  31  44  52  61  66  64  51  46  64 209 212 212 211 126
 214 143  29  50  52  56  64  66  51  51  56 209 212 213 212 130
 212 153  30  52  55  58  64  67  56  49  57 207 210 212 212 128
 214 172  70  67  72  75  86  78  76  86  98 166 164 158 157 133
 213 211 213 212 213 213 215 214 213 214 196  32  32  38  26 133
 212 212 213 214 212 213 214 216 215 216 201  43  45  48  34 129
 212 212 210 211 210 214 215 213 214 214 198  41  48  48  37 136
 212 211 212 210 213 213 211 212 214 211 202  40  48  48  36 126
 106 114 104 118 111 113 105 105 102 101  79  31  48  49  39 130
  22 122 197 192 193 193 193 193 194 196 193 195 197 195 195 118
 125 166 194 193 192 193 193 194 193 191 192 106  93  90  92 134
 196 194 194 193 191 192 193 194 193 195 183  24  37  33  33 116
 192 194 193 194 195 193 193 194 194 192 175  25  38  39  27 118
 191 194 194 192 192 193 193 193 192 192 181  27  38  36  29 110
 195 195 194 194 192 196 194 199 196 198 178  33  46  27  34 130
 194 163  66  68  68  67  63  68  57  45  84 191 180 195 189 124
 194 134  25  38  45  50  52  50  39  35  57 198 189 192 192 113
 194 129  20  41  43  45  50  50  37  44  53 199 193 188 189 115
 194 138  19  40  43  44  48  48  40  39  52 198 193 195 193 112
 194 155  60  61  65  65  72  69  66  75  92 170 153 147 148 125
 191 192 199 201 199 197 197 200 198 199 186  24  25  26  19 128
 193 193 195 192 189 191 192 191 192 193 183  28  37  34  25 123
 194 196 192 191 190 192 190 193 194 192 181  30  38  37  29 130
 196 195 196 194 198 197 196 196 198 198 187  32  35  35  28 119
 100 111 100 112 104 107  99  99  95  96  75  24  40  36  31 122

 157 154 147 135 143 157 144 149 157 152 158 143 142 154 143 143
 236 108  55  53  64  66 213 241 241 237 184  51  51  48  55  59
 236 110  56  66  65  54 224 241 246 240 176  56  60  58  69  69
 238 112  62  72  66  77 222 241 238 240 181  54  72  59  66  68
 237 134  58  66  56  63 219 229 227 233 183  60  78  58  58  48
 238 235 224 217 225 208  93  79  74  78 121 223 229 222 230  93
 243 244 246 241 241 232  55  62  73  73 111 241 243 242 240 117
 244 243 246 242 243 234  82  72  68  81  97 233 244 238 242 118
 243 243 245 244 244 239  97  87  85  90  99 228 239 244 239 124
 242 242 243 243 245 233  77  88  89  93 105 237 238 239 241 122
 243 242 241 242 245 238  80  85  84  85 102 239 240 247 239 126
 243 241 241 243 244 240  84  66  73  78  96 239 243 247 243 121
 241 242 243 240 240 240  89  64  72  73  91 237 245 248 240 128
 233 235 241 241 244 240  91  58  48  55  96 238 244 242 236 115
 146 200 242 241 238 236 206 171 167 180 203 241 240 238 232 126
  51 159 244 244 237 242 240 241 242 244 240 244 243 244 239 119
 132 138 121 124 118 138 129 126 130 128 133 133 129 136 126 130
 211  92  38  36  38  43 198 211 212 212 157  26  34  37  36  39
 212  92  44  50  48  32 206 212 213 212 158  38  48  48  48  49
 213  97  48  52  46  54 195 212 212 210 164  32  45  48  48  48
 213 114  33  38  36  39 200 209 209 207 166  32  43  41  40  31
 211 209 198 195 199 182  88  64  56  57  98 196 201 198 202  79
 213 213 211 213 211 210  51  46  51  49  86 214 216 214 211 101
 214 214 214 213 212 210  64  51  51  56  76 213 215 214 214 102
 213 214 215 214 213 214  74  64  66  67  78 214 216 213 212 105
 213 213 213 212 213 209  65  66  64  64  86 215 214 215 211 105
 213 213 212 212 213 212  68  61  56  58  75 213 213 214 213 113
 213 212 212 213 212 211  72  52  52  55  72 213 212 210 213 111
 212 213 214 213 213 213  74  44  50  52  67 212 214 211 210 118
 211 212 215 212 211 213  74  31  29  30  70 213 213 210 212 104
 130 177 212 212 213 213 179 147 143 153 172 211 212 212 211 114
  30 134 212 212 213 212 213 213 214 212 214 213 212 212 212 106
 118 134 116 118 110 130 124 113 115 112 125 128 123 130 119 122
 195  92  33  27  29  34 189 192 189 193 148  19  25  29  28  31
 195  90  33  39  36  27 195 192 188 195 147  26  34  37  35  36
 197  93  37  38  38  46 180 189 193 193 153  25  37  38  35  40
 195 106  24  25  27  33 191 198 199 198 170  24  28  30  32  24
 193 192 183 175 181 178  84  57  53  52  92 186 183 181 187  75
 196 191 195 192 192 198  45  35  44  39  75 199 193 192 198  96
 194 193 193 194 192 196  57  39  37  40  66 198 192 194 198  95
 193 194 194 194 193 199  68  50  50  48  69 200 191 193 196  99
 193 193 193 193 193 194  63  52  50  48  72 197 192 190 196  99
 193 193 192 193 193 196  67  50  45  44  65 197 191 192 197 107
 193 192 191 195 192 192  68  45  43  43  65 199 189 190 198 104
 192 193 193 194 192 194  68  38  41  40  61 201 192 191 194 112
 197 194 194 193 194 194  66  25  20  19  60 199 195 192 196 100
 122 166 194 194 194 195 163 134 129 138 155 192 193 196 195 111
  22 125 196 192 191 195 194 194 194 194 194 191 193 194 196 100

 143  59  69  68  48  93 117 118 124 122 126 121 128 115 126 119
 143  55  69  66  58 230 240 242 239 241 239 243 240 236 232 239
 154  48  58  59  58 222 242 238 244 239 247 247 248 242 238 244
 142  51  60  72  78 229 243 244 239 238 240 243 245 244 240 243
 143  51  56  54  60 223 241 233 228 237 239 239 237 238 241 244
 158 184 176 181 183 121 111  97  99 105 102  96  91  96 203 240
 152 237 240 240 233  78  73  81  90  93  85  78  73  55 180 244
 157 241 246 238 227  74  73  68  85  89  84  73  72  48 167 242
 149 241 241 241 229  79  62  72  87  88  85  66  64  58 171 241
 144 213 224 222 219  93  55  82  97  77  80  84  89  91 206 240
 157  66  54  77  63 208 232 234 239 233 238 240 240 240 236 242
 143  64  65  66  56 225 241 243 244 245 245 244 240 244 238 237
 135  53  66  72  66 217 241 242 244 243 242 243 240 241 241 244
 147  55  56  62  58 224 246 246 245 243 241 241 243 241 242 244
 154 108 110 112 134 235 244 243 243 242 242 241 242 235 200 159
 157 236 236 238 237 238 243 244 243 242 243 243 241 233 146  51
 130  39  49  48  31  79 101 102 105 105 113 111 118 104 114 106
 126  36  48  48  40 202 211 214 212 211 213 213 210 212 211 212
 136  37  48  48  41 198 214 214 213 215 214 210 211 210 212 212
 129  34  48  45  43 201 216 215 216 214 213 212 214 213 212 212
 133  26  38  32  32 196 214 213 214 215 213 213 212 213 211 213
 133 157 158 164 166  98  86  76  78  86  75  72  67  70 172 214
 128 212 212 210 207  57  49  56  67  64  58  55  52  30 153 212
 130 212 213 212 209  56  51  51  66  64  56  52  50  29 143 214
 126 211 212 212 209  64  46  51  64  66  61  52  44  31 147 213
 129 198 206 195 200  88  51  64  74  65  68  72  74  74 179 213
 138  43  32  54  39 182 210 210 214 209 212 211 213 213 213 212
 118  38  48  46  36 199 211 212 213 213 213 212 213 211 213 213
 124  36  50  52  38 195 213 213 214 212 212 213 213 212 212 212
 121  38  44  48  33 198 211 214 215 213 212 212 214 215 212 212
 138  92  92  97 114 209 213 214 214 213 213 212 213 212 177 134
 132 211 212 213 213 211 213 214 213 213 213 213 212 211 130  30
 122  31  36  40  24  75  96  95  99  99 107 104 112 100 111 100
 119  28  35  35  32 187 198 198 196 196 197 198 194 196 195 196
 130  29  37  38  30 181 192 194 193 190 192 190 191 192 196 194
 123  25  34  37  28 183 193 192 191 192 191 189 192 195 193 193
 128  19  26  25  24 186 199 198 200 197 197 199 201 199 192 191
 125 148 147 153 170  92  75  66  69  72  65  65  61  60 155 194
 112 193 195 193 198  52  39  40  48  48  44  43  40  19 138 194
 115 189 188 193 199  53  44  37  50  50  45  43  41  20 129 194
 113 192 192 189 198  57  35  39  50  52  50  45  38  25 134 194
 124 189 195 180 191  84  45  57  68  63  67  68  68  66 163 194
 130  34  27  46  33 178 198 196 199 194 196 192 194 194 195 195
 110  29  36  38  27 181 192 192 193 193 193 192 192 194 194 191
 118  27  39  38  25 175 192 194 194 193 193 195 194 193 194 192
 116  33  33  37  24 183 195 193 194 193 192 191 193 194 194 196
 134  92  90  93 106 192 191 193 194 193 193 192 193 194 166 125
 118 195 195 197 195 193 196 194 193 193 193 193 192 197 122  22

 119 239 244 243 244 240 244 242 241 240 242 237 244 244 159  51
 126 232 238 240 241 203 180 167 171 206 236 238 241 242 200 146
 115 236 242 244 238  96  55  48  58  91 240 244 241 241 235 233
 128 240 248 245 237  91  73  72  64  89 240 240 240 243 242 241
 121 243 247 243 239  96  78  73  66  84 240 244 243 241 241 243
 126 239 247 240 239 102  85  84  85  80 238 245 242 241 242 243
 122 241 239 238 237 105  93  89  88  77 233 245 243 243 242 242
 124 239 244 239 228  99  90  85  87  97 239 244 244 245 243 243
 118 242 238 244 233  97  81  68  72  82 234 243 242 246 243 244
 117 240 242 243 241 111  73  73  62  55 232 241 241 246 244 243
  93 230 222 229 223 121  78  74  79  93 208 225 217 224 235 238
  48  58  58  78  60 183 233 227 229 219  63  56  66  58 134 237
  68  66  59  72  54 181 240 238 241 222  77  66  72  62 112 238
  69  69  58  60  56 176 240 246 241 224  54  65  66  56 110 236
  59  55  48  51  51 184 237 241 241 213  66  64  53  55 108 236
 143 143 154 142 143 158 152 157 149 144 157 143 135 147 154 157
 106 212 212 212 213 214 212 214 213 213 212 213 212 212 134  30
 114 211 212 212 211 172 153 143 147 179 213 213 212 212 177 130
 104 212 210 213 213  70  30  29  31  74 213 211 212 215 212 211
 118 210 211 214 212  67  52  50  44  74 213 213 213 214 213 212
 111 213 210 212 213  72  55  52  52  72 211 212 213 212 212 213
 113 213 214 213 213  75  58  56  61  68 212 213 212 212 213 213
 105 211 215 214 215  86  64  64  66  65 209 213 212 213 213 213
 105 212 213 216 214  78  67  66  64  74 214 213 214 215 214 213
 102 214 214 215 213  76  56  51  51  64 210 212 213 214 214 214
 101 211 214 216 214  86  49  51  46  51 210 211 213 211 213 213
  79 202 198 201 196  98  57  56  64  88 182 199 195 198 209 211
  31  40  41  43  32 166 207 209 209 200  39  36  38  33 114 213
  48  48  48  45  32 164 210 212 212 195  54  46  52  48  97 213
  49  48  48  48  38 158 212 213 212 206  32  48  50  44  92 212
  39  36  37  34  26 157 212 212 211 198  43  38  36  38  92 211
 130 126 136 129 133 133 128 130 126 129 138 118 124 121 138 132
 100 196 194 193 191 194 194 194 194 194 195 191 192 196 125  22
 111 195 196 193 192 155 138 129 134 163 195 194 194 194 166 122
 100 196 192 195 199  60  19  20  25  66 194 194 193 194 194 197
 112 194 191 192 201  61  40  41  38  68 194 192 194 193 193 192
 104 198 190 189 199  65  43  43  45  68 192 192 195 191 192 193
 107 197 192 191 197  65  44  45  50  67 196 193 193 192 193 193
  99 196 190 192 197  72  48  50  52  63 194 193 193 193 193 193
  99 196 193 191 200  69  48  50  50  68 199 193 194 194 194 193
  95 198 194 192 198  66  40  37  39  57 196 192 194 193 193 194
  96 198 192 193 199  75  39  44  35  45 198 192 192 195 191 196
  75 187 181 183 186  92  52  53  57  84 178 181 175 183 192 193
  24  32  30  28  24 170 198 199 198 191  33  27  25  24 106 195
  40  35  38  37  25 153 193 193 189 180  46  38  38  37  93 197
  36  35  37  34  26 147 195 188 192 195  27  36  39  33  90 195
  31  28  29  25  19 148 193 189 192 189  34  29  27  33  92 195
 122 119 130 123 128 125 112 115 113 124 130 110 118 116 134 118

