 240 207  66  49  48  43  37  32  35  31  64 217 228 232 233 154
 242 229 208 222 227 218 213 207 199 182 180 105  74  86 102 166
 240 234 234 230 233 235 233 237 238 238 227  63  54  52  49 121
 240 239 239 239 234 238 242 240 238 239 235  50  57  47  48 132
 240 239 239 238 236 236 242 240 235 234 212  71  58  55  52 131
 235 219 182 188 191 187 209 217 217 218 207  97  76  60  66 152
 240 184  65  44  27  24  27  25  35  40  59 213 216 212 215 151
 237 164  64  56  54  61  67  66  63  62  67 220 239 235 233 143
 234 153  50  57  55  60  64  63  62  56  59 225 236 237 238 159
 240 158  47  59  55  60  67  63  63  59  52 224 235 237 240 154
 237 160  48  55  54  61  69  66  62  61  61 230 237 237 239 141
 239 155  51  55  52  55  65  66  62  65  78 221 238 237 237 137
 239 146  52  57  47  49  64  69  64  58  63 224 240 239 235 141
 236 147  56  54  49  57  64  65  67  64  56 222 238 238 235 136
 226 139  48  51  51  56  60  61  65  64  72 213 229 228 228 126
  73  57  58  59  55  57  64  65  64  60  51  91  85  80  92 156
 209 175  35  32  30  27  26  24  26  23  37 198 209 209 207 133
 208 204 188 209 204 201 202 201 192 174 153  75  66  74  88 143
 208 207 208 208 208 205 205 207 209 206 207  26  35  31  30 110
 208 208 207 208 208 207 206 208 209 208 206  23  38  36  32 122
 208 208 209 209 209 207 207 207 208 208 191  49  40  36  38 124
 208 196 163 172 173 166 185 197 202 206 195  71  58  50  49 139
 209 146  29  29  19  21  21  23  31  29  45 201 200 198 197 128
 206 137  29  38  38  39  42  43  43  39  46 200 207 206 209 121
 206 137  28  37  37  42  45  44  42  40  50 204 206 206 208 133
 208 134  28  37  36  40  47  44  42  42  46 204 207 209 210 125
 206 128  30  38  37  41  47  48  41  39  47 207 208 210 209 116
 208 127  30  35  38  38  44  49  45  39  53 198 207 208 209 117
 209 122  31  34  34  41  46  49  48  38  46 204 209 208 206 124
 207 123  31  35  37  41  44  45  46  43  47 209 207 207 205 120
 203 118  27  35  36  38  44  45  45  41  56 200 208 207 212 109
  65  47  35  36  34  37  44  45  44  38  38  81  75  72  82 141
 188 153  28  28  23  21  18  16  18  16  35 188 193 196 196 116
 187 188 180 205 199 195 195 193 185 166 146  71  69  72  83 131
 189 189 192 193 192 193 192 191 190 191 191  22  30  27  22 106
 191 190 188 189 189 190 191 191 190 191 191  17  30  28  23 118
 191 190 190 190 190 189 189 191 190 190 176  45  30  29  30 119
 191 182 153 164 165 154 173 188 195 195 185  68  52  48  46 133
 190 128  18  22  19  22  20  19  24  26  41 192 192 195 190 120
 190 129  17  30  31  32  33  33  33  32  41 191 192 192 193 107
 193 127  25  31  28  33  35  33  33  33  44 194 188 187 189 117
 191 117  25  31  28  30  37  33  32  35  41 197 190 188 189 116
 191 119  23  31  29  32  39  37  31  32  41 201 190 188 188 109
 192 116  22  29  30  30  36  38  34  32  49 192 189 189 192 109
 193 110  22  29  26  31  37  39  36  31  40 192 187 190 192 118
 188 112  26  31  28  33  38  36  37  36  42 196 189 189 194 115
 192 111  22  29  29  31  36  36  35  35  50 189 192 189 197  99
  63  41  27  27  28  31  37  37  34  32  31  75  69  68  76 132

 154 166 121 132 131 152 151 143 159 154 141 137 141 136 126 156
 233 102  49  48  52  66 215 233 238 240 239 237 235 235 228  92
 232  86  52  47  55  60 212 235 237 237 237 237 239 238 228  80
 228  74  54  57  58  76 216 239 236 235 237 238 240 238 229  85
 217 105  63  50  71  97 213 220 225 224 230 221 224 222 213  91
  64 180 227 235 212 207  59  67  59  52  61  78  63  56  72  51
  31 182 238 239 234 218  40  62  56  59  61  65  58  64  64  60
  35 199 238 238 235 217  35  63  62  63  62  62  64  67  65  64
  32 207 237 240 240 217  25  66  63  63  66  66  69  65  61  65
  37 213 233 242 242 209  27  67  64  67  69  65  64  64  60  64
  43 218 235 238 236 187  24  61  60  60  61  55  49  57  56  57
  48 227 233 234 236 191  27  54  55  55  54  52  47  49  51  55
  49 222 230 239 238 188  44  56  57  59  55  55  57  54  51  59
  66 208 234 239 239 182  65  64  50  47  48  51  52  56  48  58
 207 229 234 239 239 219 184 164 153 158 160 155 146 147 139  57
 240 242 240 240 240 235 240 237 234 240 237 239 239 236 226  73
 133 143 110 122 124 139 128 121 133 125 116 117 124 120 109 141
 207  88  30  32  38  49 197 209 208 210 209 209 206 205 212  82
 209  74  31  36  36  50 198 206 206 209 210 208 208 207 207  72
 209  66  35  38  40  58 200 207 206 207 208 207 209 207 208  75
 198  75  26  23  49  71 201 200 204 204 207 198 204 209 200  81
  37 153 207 206 191 195  45  46  50  46  47  53  46  47  56  38
  23 174 206 208 208 206  29  39  40  42  39  39  38  43  41  38
  26 192 209 209 208 202  31  43  42  42  41  45  48  46  45  44
  24 201 207 208 207 197  23  43  44  44  48  49  49  45  45  45
  26 202 205 206 207 185  21  42  45  47  47  44  46  44  44  44
  27 201 205 207 207 166  21  39  42  40  41  38  41  41  38  37
  30 204 208 208 209 173  19  38  37  36  37  38  34  37  36  34
  32 209 208 208 209 172  29  38  37  37  38  35  34  35  35  36
  35 188 208 207 209 163  29  29  28  28  30  30  31  31  27  35
 175 204 207 208 208 196 146 137 137 134 128 127 122 123 118  47
 209 208 208 208 208 208 209 206 206 208 206 208 209 207 203  65
 116 131 106 118 119 133 120 107 117 116 109 109 118 115  99 132
 196  83  22  23  30  46 190 193 189 189 188 192 192 194 197  76
 196  72  27  28  29  48 195 192 187 188 188 189 190 189 189  68
 193  69  30  30  30  52 192 192 188 190 190 189 187 189 192  69
 188  71  22  17  45  68 192 191 194 197 201 192 192 196 189  75
  35 146 191 191 176 185  41  41  44  41  41  49  40  42  50  31
  16 166 191 191 190 195  26  32  33  35  32  32  31  36  35  32
  18 185 190 190 190 195  24  33  33  32  31  34  36  37  35  34
  16 193 191 191 191 188  19  33  33  33  37  38  39  36  36  37
  18 195 192 191 189 173  20  33  35  37  39  36  37  38  36  37
  21 195 193 190 189 154  22  32  33  30  32  30  31  33  31  31
  23 199 192 189 190 165  19  31  28  28  29  30  26  28  29  28
  28 205 193 189 190 164  22  30  31  31  31  29  29  31  29  27
  28 180 192 188 190 153  18  17  25  25  23  22  22  26  22  27
 153 188 189 190 190 182 128 129 127 117 119 116 110 112 111  41
 188 187 189 191 191 191 190 190 193 191 191 192 193 188 192  63

 156  92  80  85  91  51  60  64  65  64  57  55  59  58  57  73
 126 228 228 229 213  72  64  65  61  60  56  51  51  48 139 226
 136 235 238 238 222  56  64  67  65  64  57  49  54  56 147 236
 141 235 239 240 224  63  58  64  69  64  49  47  57  52 146 239
 137 237 237 238 221  78  65  62  66  65  55  52  55  51 155 239
 141 239 237 237 230  61  61  62  66  69  61  54  55  48 160 237
 154 240 237 235 224  52  59  63  63  67  60  55  59  47 158 240
 159 238 237 236 225  59  56  62  63  64  60  55  57  50 153 234
 143 233 235 239 220  67  62  63  66  67  61  54  56  64 164 237
 151 215 212 216 213  59  40  35  25  27  24  27  44  65 184 240
 152  66  60  76  97 207 218 217 217 209 187 191 188 182 219 235
 131  52  55  58  71 212 234 235 240 242 236 236 238 239 239 240
 132  48  47  57  50 235 239 238 240 242 238 234 239 239 239 240
 121  49  52  54  63 227 238 238 237 233 235 233 230 234 234 240
 166 102  86  74 105 180 182 199 207 213 218 227 222 208 229 242
 154 233 232 228 217  64  31  35  32  37  43  48  49  66 207 240
 141  82  72  75  81  38  38  44  45  44  37  34  36  35  47  65
 109 212 207 208 200  56  41  45  45  44  38  36  35  27 118 203
 120 205 207 207 209  47  43  46  45  44  41  37  35  31 123 207
 124 206 208 209 204  46  38  48  49  46  41  34  34  31 122 209
 117 209 208 207 198  53  39  45  49  44  38  38  35  30 127 208
 116 209 210 208 207  47  39  41  48  47  41  37  38  30 128 206
 125 210 209 207 204  46  42  42  44  47  40  36  37  28 134 208
 133 208 206 206 204  50  40  42  44  45  42  37  37  28 137 206
 121 209 206 207 200  46  39  43  43  42  39  38  38  29 137 206
 128 197 198 200 201  45  29  31  23  21  21  19  29  29 146 209
 139  49  50  58  71 195 206 202 197 185 166 173 172 163 196 208
 124  38  36  40  49 191 208 208 207 207 207 209 209 209 208 208
 122  32  36  38  23 206 208 209 208 206 207 208 208 207 208 208
 110  30  31  35  26 207 206 209 207 205 205 208 208 208 207 208
 143  88  74  66  75 153 174 192 201 202 201 204 209 188 204 208
 133 207 209 209 198  37  23  26  24  26  27  30  32  35 175 209
 132  76  68  69  75  31  32  34  37  37  31  28  27  27  41  63
  99 197 189 192 189  50  35  35  36  36  31  29  29  22 111 192
 115 194 189 189 196  42  36  37  36  38  33  28  31  26 112 188
 118 192 190 187 192  40  31  36  39  37  31  26  29  22 110 193
 109 192 189 189 192  49  32  34  38  36  30  30  29  22 116 192
 109 188 188 190 201  41  32  31  37  39  32  29  31  23 119 191
 116 189 188 190 197  41  35  32  33  37  30  28  31  25 117 191
 117 189 187 188 194  44  33  33  33  35  33  28  31  25 127 193
 107 193 192 192 191  41  32  33  33  33  32  31  30  17 129 190
 120 190 195 192 192  41  26  24  19  20  22  19  22  18 128 190
 133  46  48  52  68 185 195 195 188 173 154 165 164 153 182 191
 119  30  29  30  45 176 190 190 191 189 189 190 190 190 190 191
 118  23  28  30  17 191 191 190 191 191 190 189 189 188 190 191
 106  22  27  30  22 191 191 190 191 192 193 192 193 192 189 189
 131  83  72  69  71 146 166 185 193 195 195 199 205 180 188 187
 116 196 196 193 188  35  16  18  16  18  21  23  28  28 153 188

  73 226 236 239 239 237 240 234 237 240 235 240 240 240 242 240
  57 139 147 146 155 160 158 153 164 184 219 239 239 234 229 207
  58  48  56  52  51  48  47  50  64  65 182 239 239 234 208  66
  59  51  54  57  55  55  59  57  56  44 188 238 239 230 222  49
  55  51  49  47  52  54  55  55  54  27 191 236 234 233 227  48
  57  56  57  49  55  61  60  60  61  24 187 236 238 235 218  43
  64  60  64  64  65  69  67  64  67  27 209 242 242 233 213  37
  65  61  65  69  66  66  63  63  66  25 217 240 240 237 207  32
  64  65  67  64  62  62  63  62  63  35 217 235 238 238 199  35
  60  64  64  58  65  61  59  56  62  40 218 234 239 238 182  31
  51  72  56  63  78  61  52  59  67  59 207 212 235 227 180  64
  91 213 222 224 221 230 224 225 220 213  97  71  50  63 105 217
  85 229 238 240 238 237 235 236 239 216  76  58  57  54  74 228
  80 228 238 239 237 237 237 237 235 212  60  55  47  52  86 232
  92 228 235 235 237 239 240 238 233 215  66  52  48  49 102 233
 156 126 136 141 137 141 154 159 143 151 152 131 132 121 166 154
  65 203 207 209 208 206 208 206 206 209 208 208 208 208 208 209
  47 118 123 122 127 128 134 137 137 146 196 208 208 207 204 175
  35  27  31  31  30  30  28  28  29  29 163 209 207 208 188  35
  36  35  35  34  35  38  37  37  38  29 172 209 208 208 209  32
  34  36  37  34  38  37  36  37  38  19 173 209 208 208 204  30
  37  38  41  41  38  41  40  42  39  21 166 207 207 205 201  27
  44  44  44  46  44  47  47  45  42  21 185 207 206 205 202  26
  45  45  45  49  49  48  44  44  43  23 197 207 208 207 201  24
  44  45  46  48  45  41  42  42  43  31 202 208 209 209 192  26
  38  41  43  38  39  39  42  40  39  29 206 208 208 206 174  23
  38  56  47  46  53  47  46  50  46  45 195 191 206 207 153  37
  81 200 209 204 198 207 204 204 200 201  71  49  23  26  75 198
  75 208 207 209 207 208 207 206 207 200  58  40  38  35  66 209
  72 207 207 208 208 210 209 206 206 198  50  36  36  31  74 209
  82 212 205 206 209 209 210 208 209 197  49  38  32  30  88 207
 141 109 120 124 117 116 125 133 121 128 139 124 122 110 143 133
  63 192 188 193 192 191 191 193 190 190 191 191 191 189 187 188
  41 111 112 110 116 119 117 127 129 128 182 190 190 189 188 153
  27  22  26  22  22  23  25  25  17  18 153 190 188 192 180  28
  27  29  31  29  29  31  31  31  30  22 164 190 189 193 205  28
  28  29  28  26  30  29  28  28  31  19 165 190 189 192 199  23
  31  31  33  31  30  32  30  33  32  22 154 189 190 193 195  21
  37  36  38  37  36  39  37  35  33  20 173 189 191 192 195  18
  37  36  36  39  38  37  33  33  33  19 188 191 191 191 193  16
  34  35  37  36  34  31  32  33  33  24 195 190 190 190 185  18
  32  35  36  31  32  32  35  33  32  26 195 190 191 191 166  16
  31  50  42  40  49  41  41  44  41  41 185 176 191 191 146  35
  75 189 196 192 192 201 197 194 191 192  68  45  17  22  71 188
  69 192 189 187 189 190 190 188 192 192  52  30  30  30  69 193
  68 189 189 190 189 188 188 187 192 195  48  29  28  27  72 196
  76 197 194 192 192 188 189 189 193 190  46  30  23  22  83 196
 132  99 115 118 109 109 116 117 107 120 133 119 118 106 131 116

