 241 241 241 240 240 240 241 241 241 244 145  49  55  62  40 200
 241 241 242 241 241 241 241 240 240 240 148  58  57  60  55 221
 241 240 241 241 241 241 241 241 241 240 152  55  63  62  56 198
 240 240 241 241 241 241 241 240 240 239 145  63  62  63  50 212
 239 241 241 242 241 241 241 240 240 239 148  59  58  62  49 200
 239 241 240 241 241 241 240 241 240 240 150  53  62  62  41 207
 238 240 239 239 241 240 240 238 241 236 148  58  59  58  63 209
 239 240 240 239 241 242 242 237 241 237 137  60  60  57  48 217
 241 241 240 240 241 241 242 235 240 237 141  59  60  58  49 199
 241 241 241 241 240 239 241 237 239 240 149  58  59  58  40 204
 240 241 241 241 240 237 242 241 238 241 155  55  57  57  42 204
 240 241 241 241 241 240 242 241 239 239 136  51  58  59  55 202
 240 241 241 241 240 241 242 241 239 238 147  52  58  62  48 208
 241 241 240 240 239 239 242 237 240 241 142  49  57  62  55 190
 240 235 234 232 235 236 236 236 237 236 151  59  55  61  40 214
  97 101  92  93  95  89 101  96  89  97  56  48  57  61  48 202
 208 208 208 208 207 208 208 208 208 211 123  30  42  42  27 189
 208 208 209 208 208 208 208 207 207 208 122  40  42  43  34 200
 208 208 209 209 208 208 208 208 208 209 125  30  42  44  32 179
 208 208 208 208 208 208 208 208 208 208 117  33  39  44  29 200
 208 208 208 208 208 209 209 208 208 207 125  36  38  43  35 186
 208 208 207 207 208 209 208 209 208 208 124  35  41  41  26 194
 207 207 206 206 207 207 207 206 207 206 126  37  41  38  36 185
 208 207 207 207 208 208 207 205 208 206 121  38  39  38  23 188
 209 209 208 208 209 208 207 206 208 206 121  34  37  39  36 184
 209 209 209 209 208 207 207 208 209 208 122  33  36  40  31 183
 208 208 208 208 208 208 208 208 207 207 127  35  36  40  29 188
 207 208 208 208 208 208 209 208 208 207 116  34  38  39  32 183
 207 208 208 208 207 208 209 208 209 207 131  38  37  41  25 193
 208 208 208 208 207 207 207 207 207 207 118  31  38  44  35 175
 211 207 208 209 208 207 206 207 207 207 125  35  38  42  25 195
  79  83  80  84  84  76  86  79  76  83  42  38  39  41  35 181
 191 191 191 191 190 191 191 191 191 187 112  26  31  33  24 181
 191 191 192 191 191 191 191 190 190 190 112  29  33  32  26 190
 190 189 190 189 191 191 191 191 191 191 115  25  32  35  27 171
 188 188 189 189 190 190 189 189 188 189 109  24  28  36  24 191
 190 191 191 191 189 189 189 188 188 187 117  27  28  33  28 178
 191 191 190 190 189 189 188 189 188 188 114  31  30  33  16 182
 190 190 189 188 189 188 188 186 186 188 117  29  33  29  30 174
 189 189 188 188 188 189 190 186 185 188 111  30  31  29  17 180
 189 189 188 188 189 189 190 187 186 187 110  29  29  31  26 175
 189 189 189 189 188 188 190 190 187 189 108  29  30  31  25 174
 189 189 189 190 190 188 189 190 189 190 113  29  30  29  19 179
 190 191 191 191 191 188 188 191 190 190 106  27  29  29  25 174
 190 191 191 191 190 189 188 191 189 186 124  33  28  30  21 185
 190 191 190 191 190 189 188 188 188 193 112  25  30  32  31 169
 193 192 192 193 191 189 191 192 191 193 114  25  28  34  19 189
  75  77  73  77  80  75  84  76  72  76  35  29  26  34  30 172

 200 221 198 212 200 207 209 217 199 204 204 202 208 190 214 202
  40  55  56  50  49  41  63  48  49  40  42  55  48  55  40  48
  62  60  62  63  62  62  58  57  58  58  57  59  62  62  61  61
  55  57  63  62  58  62  59  60  60  59  57  58  58  57  55  57
  49  58  55  63  59  53  58  60  59  58  55  51  52  49  59  48
 145 148 152 145 148 150 148 137 141 149 155 136 147 142 151  56
 244 240 240 239 239 240 236 237 237 240 241 239 238 241 236  97
 241 240 241 240 240 240 241 241 240 239 238 239 239 240 237  89
 241 240 241 240 240 241 238 237 235 237 241 241 241 237 236  96
 241 241 241 241 241 240 240 242 242 241 242 242 242 242 236 101
 240 241 241 241 241 241 240 242 241 239 237 240 241 239 236  89
 240 241 241 241 241 241 241 241 241 240 240 241 240 239 235  95
 240 241 241 241 242 241 239 239 240 241 241 241 241 240 232  93
 241 242 241 241 241 240 239 240 240 241 241 241 241 240 234  92
 241 241 240 240 241 241 240 240 241 241 241 241 241 241 235 101
 241 241 241 240 239 239 238 239 241 241 240 240 240 241 240  97
 189 200 179 200 186 194 185 188 184 183 188 183 193 175 195 181
  27  34  32  29  35  26  36  23  36  31  29  32  25  35  25  35
  42  43  44  44  43  41  38  38  39  40  40  39  41  44  42  41
  42  42  42  39  38  41  41  39  37  36  36  38  37  38  38  39
  30  40  30  33  36  35  37  38  34  33  35  34  38  31  35  38
 123 122 125 117 125 124 126 121 121 122 127 116 131 118 125  42
 211 208 209 208 207 208 206 206 206 208 207 207 207 207 207  83
 208 207 208 208 208 208 207 208 208 209 207 208 209 207 207  76
 208 207 208 208 208 209 206 205 206 208 208 208 208 207 207  79
 208 208 208 208 209 208 207 207 207 207 208 209 209 207 206  86
 208 208 208 208 209 209 207 208 208 207 208 208 208 207 207  76
 207 208 208 208 208 208 207 208 209 208 208 208 207 207 208  84
 208 208 209 208 208 207 206 207 208 209 208 208 208 208 209  84
 208 209 209 208 208 207 206 207 208 209 208 208 208 208 208  80
 208 208 208 208 208 208 207 207 209 209 208 208 208 208 207  83
 208 208 208 208 208 208 207 208 209 209 208 207 207 208 211  79
 181 190 171 191 178 182 174 180 175 174 179 174 185 169 189 172
  24  26  27  24  28  16  30  17  26  25  19  25  21  31  19  30
  33  32  35  36  33  33  29  29  31  31  29  29  30  32  34  34
  31  33  32  28  28  30  33  31  29  30  30  29  28  30  28  26
  26  29  25  24  27  31  29  30  29  29  29  27  33  25  25  29
 112 112 115 109 117 114 117 111 110 108 113 106 124 112 114  35
 187 190 191 189 187 188 188 188 187 189 190 190 186 193 193  76
 191 190 191 188 188 188 186 185 186 187 189 190 189 188 191  72
 191 190 191 189 188 189 186 186 187 190 190 191 191 188 192  76
 191 191 191 189 189 188 188 190 190 190 189 188 188 188 191  84
 191 191 191 190 189 189 188 189 189 188 188 188 189 189 189  75
 190 191 191 190 189 189 189 188 189 188 190 191 190 190 191  80
 191 191 189 189 191 190 188 188 188 189 190 191 191 191 193  77
 191 192 190 189 191 190 189 188 188 189 189 191 191 190 192  73
 191 191 189 188 191 191 190 189 189 189 189 191 191 191 192  77
 191 191 190 188 190 191 190 189 189 189 189 190 190 190 193  75

 202  48  61  57  48  56  97  89  96 101  89  95  93  92 101  97
 214  40  61  55  59 151 236 237 236 236 236 235 232 234 235 240
 190  55  62  57  49 142 241 240 237 242 239 239 240 240 241 241
 208  48  62  58  52 147 238 239 241 242 241 240 241 241 241 240
 202  55  59  58  51 136 239 239 241 242 240 241 241 241 241 240
 204  42  57  57  55 155 241 238 241 242 237 240 241 241 241 240
 204  40  58  59  58 149 240 239 237 241 239 240 241 241 241 241
 199  49  58  60  59 141 237 240 235 242 241 241 240 240 241 241
 217  48  57  60  60 137 237 241 237 242 242 241 239 240 240 239
 209  63  58  59  58 148 236 241 238 240 240 241 239 239 240 238
 207  41  62  62  53 150 240 240 241 240 241 241 241 240 241 239
 200  49  62  58  59 148 239 240 240 241 241 241 242 241 241 239
 212  50  63  62  63 145 239 240 240 241 241 241 241 241 240 240
 198  56  62  63  55 152 240 241 241 241 241 241 241 241 240 241
 221  55  60  57  58 148 240 240 240 241 241 241 241 242 241 241
 200  40  62  55  49 145 244 241 241 241 240 240 240 241 241 241
 181  35  41  39  38  42  83  76  79  86  76  84  84  80  83  79
 195  25  42  38  35 125 207 207 207 206 207 208 209 208 207 211
 175  35  44  38  31 118 207 207 207 207 207 207 208 208 208 208
 193  25  41  37  38 131 207 209 208 209 208 207 208 208 208 207
 183  32  39  38  34 116 207 208 208 209 208 208 208 208 208 207
 188  29  40  36  35 127 207 207 208 208 208 208 208 208 208 208
 183  31  40  36  33 122 208 209 208 207 207 208 209 209 209 209
 184  36  39  37  34 121 206 208 206 207 208 209 208 208 209 209
 188  23  38  39  38 121 206 208 205 207 208 208 207 207 207 208
 185  36  38  41  37 126 206 207 206 207 207 207 206 206 207 207
 194  26  41  41  35 124 208 208 209 208 209 208 207 207 208 208
 186  35  43  38  36 125 207 208 208 209 209 208 208 208 208 208
 200  29  44  39  33 117 208 208 208 208 208 208 208 208 208 208
 179  32  44  42  30 125 209 208 208 208 208 208 209 209 208 208
 200  34  43  42  40 122 208 207 207 208 208 208 208 209 208 208
 189  27  42  42  30 123 211 208 208 208 208 207 208 208 208 208
 172  30  34  26  29  35  76  72  76  84  75  80  77  73  77  75
 189  19  34  28  25 114 193 191 192 191 189 191 193 192 192 193
 169  31  32  30  25 112 193 188 188 188 189 190 191 190 191 190
 185  21  30  28  33 124 186 189 191 188 189 190 191 191 191 190
 174  25  29  29  27 106 190 190 191 188 188 191 191 191 191 190
 179  19  29  30  29 113 190 189 190 189 188 190 190 189 189 189
 174  25  31  30  29 108 189 187 190 190 188 188 189 189 189 189
 175  26  31  29  29 110 187 186 187 190 189 189 188 188 189 189
 180  17  29  31  30 111 188 185 186 190 189 188 188 188 189 189
 174  30  29  33  29 117 188 186 186 188 188 189 188 189 190 190
 182  16  33  30  31 114 188 188 189 188 189 189 190 190 191 191
 178  28  33  28  27 117 187 188 188 189 189 189 191 191 191 190
 191  24  36  28  24 109 189 188 189 189 190 190 189 189 188 188
 171  27  35  32  25 115 191 191 191 191 191 191 189 190 189 190
 190  26  32  33  29 112 190 190 190 191 191 191 191 192 191 191
 181  24  33  31  26 112 187 191 191 191 191 190 191 191 191 191

  97 240 241 240 240 240 241 241 239 238 239 239 240 241 241 241
 101 235 241 241 241 241 241 241 240 240 241 241 240 240 241 241
  92 234 240 241 241 241 241 240 240 239 240 241 241 241 242 241
  93 232 240 241 241 241 241 240 239 239 241 242 241 241 241 240
  95 235 239 240 241 240 240 241 241 241 241 241 241 241 241 240
  89 236 239 241 240 237 239 241 242 240 241 241 241 241 241 240
 101 236 242 242 242 242 241 242 242 240 240 241 241 241 241 241
  96 236 237 241 241 241 237 235 237 238 241 240 240 241 240 241
  89 237 240 239 239 238 239 240 241 241 240 240 240 241 240 241
  97 236 241 238 239 241 240 237 237 236 240 239 239 240 240 244
  56 151 142 147 136 155 149 141 137 148 150 148 145 152 148 145
  48  59  49  52  51  55  58  59  60  58  53  59  63  55  58  49
  57  55  57  58  58  57  59  60  60  59  62  58  62  63  57  55
  61  61  62  62  59  57  58  58  57  58  62  62  63  62  60  62
  48  40  55  48  55  42  40  49  48  63  41  49  50  56  55  40
 202 214 190 208 202 204 204 199 217 209 207 200 212 198 221 200
  79 211 208 207 207 208 209 209 208 207 208 208 208 208 208 208
  83 207 208 208 208 208 209 209 207 207 208 208 208 208 208 208
  80 208 208 208 208 208 209 208 207 206 207 208 208 209 209 208
  84 209 208 208 208 208 209 208 207 206 207 208 208 209 208 208
  84 208 207 207 208 208 208 209 208 207 208 208 208 208 208 207
  76 207 207 208 208 208 207 208 208 207 209 209 208 208 208 208
  86 206 207 209 209 208 207 207 207 207 208 209 208 208 208 208
  79 207 207 208 208 208 208 206 205 206 209 208 208 208 207 208
  76 207 207 209 208 207 209 208 208 207 208 208 208 208 207 208
  83 207 207 207 207 207 208 206 206 206 208 207 208 209 208 211
  42 125 118 131 116 127 122 121 121 126 124 125 117 125 122 123
  38  35  31  38  34  35  33  34  38  37  35  36  33  30  40  30
  39  38  38  37  38  36  36  37  39  41  41  38  39  42  42  42
  41  42  44  41  39  40  40  39  38  38  41  43  44  44  43  42
  35  25  35  25  32  29  31  36  23  36  26  35  29  32  34  27
 181 195 175 193 183 188 183 184 188 185 194 186 200 179 200 189
  75 193 190 190 190 189 189 189 189 190 191 190 188 190 191 191
  77 192 191 191 191 189 189 189 189 190 191 191 188 189 191 191
  73 192 190 191 191 189 189 188 188 189 190 191 189 190 192 191
  77 193 191 191 191 190 189 188 188 188 190 191 189 189 191 191
  80 191 190 190 191 190 188 189 188 189 189 189 190 191 191 190
  75 189 189 189 188 188 188 189 189 188 189 189 190 191 191 191
  84 191 188 188 188 189 190 190 190 188 188 189 189 191 191 191
  76 192 188 191 191 190 190 187 186 186 189 188 189 191 190 191
  72 191 188 189 190 189 187 186 185 186 188 188 188 191 190 191
  76 193 193 186 190 190 189 187 188 188 188 187 189 191 190 187
  35 114 112 124 106 113 108 110 111 117 114 117 109 115 112 112
  29  25  25  33  27  29  29  29  30  29  31  27  24  25  29  26
  26  28  30  28  29  30  30  29  31  33  30  28  28  32  33  31
  34  34  32  30  29  29  31  31  29  29  33  33  36  35  32  33
  30  19  31  21  25  19  25  26  17  30  16  28  24  27  26  24
 172 189 169 185 174 179 174 175 180 174 182 178 191 171 190 181

