 243 246 245 243 243 242 241 241 240 238 183  49  62  52  39 172
 244 245 244 244 243 241 241 241 241 237 189  46  64  56  30 138
 244 243 244 241 241 241 240 240 241 240 215  47  65  58  39 147
 247 243 246 245 244 243 243 242 244 243 201  42  65  54  44 153
 245 241 240 239 236 235 235 235 235 238 205  44  62  51  43 144
 243 237 224 229 230 193 200 207 208 213 187  56  58  49  71 149
 241 160  64  39  37  43  51  57  56  63 105 202 224 220 220 133
 237 145  81  66  59  56  59  57  55  57  80 225 235 237 232 113
 236 149  79  60  57  57  57  57  56  56  63 226 238 237 239 140
 233 143  75  53  52  53  55  55  54  48  78 226 240 238 232 121
 151 167 140 126 117 113 108 119 130 132 176 231 239 240 236 116
  60 164 223 232 232 233 231 227 226 227 232 233 237 237 240 114
  65 173 229 235 236 236 235 237 236 235 238 236 236 237 236 114
  58 180 228 238 237 238 237 237 235 238 237 235 238 236 230 121
  52 170 222 230 227 227 227 228 228 229 231 224 223 223 221 113
  66 101  64  54  58  62  82  91  88  57  56  58  61  64  65 130
 214 213 214 214 214 213 213 212 212 210 164  35  44  38  28 156
 215 215 214 214 214 212 212 212 212 210 171  30  41  39  20 128
 214 215 214 212 211 211 210 210 212 210 196  29  43  40  29 141
 214 212 214 213 211 209 210 210 212 210 177  23  42  35  29 144
 213 210 212 212 209 209 209 209 210 206 178  23  41  34  28 136
 213 212 205 206 206 174 178 187 189 193 167  39  41  38  60 137
 209 132  40  30  32  34  39  44  48  57  95 189 208 205 205 112
 211 122  49  43  39  39  44  45  45  42  70 208 208 209 207  93
 209 128  50  44  38  38  42  42  40  38  59 208 208 208 207 121
 210 122  45  35  32  33  36  38  37  32  68 208 206 208 205 112
 138 152 126 115 107 102  97 109 121 117 158 209 206 208 207 107
  37 151 207 207 209 207 206 205 205 205 203 207 207 206 208 103
  40 161 207 212 210 209 207 207 207 206 206 207 208 207 208 104
  27 157 206 207 207 208 208 208 208 208 206 207 208 206 206 108
  33 162 205 207 207 209 208 209 208 207 206 201 199 199 201  98
  47  80  45  44  51  55  73  82  80  51  53  54  57  57  58 123
 193 193 194 192 192 192 191 190 190 192 152  27  33  26  24 150
 192 193 192 193 192 191 190 190 190 190 162  25  31  27  18 126
 191 192 193 193 193 192 192 191 190 186 186  25  32  28  19 137
 191 192 192 191 192 192 191 189 189 189 167  20  31  25  22 142
 190 193 193 192 191 191 191 191 190 189 164  19  33  28  22 133
 190 195 189 191 194 164 169 176 176 177 155  35  40  36  52 128
 192 125  36  28  30  31  34  39  41  51  96 180 199 201 193 103
 192 114  41  35  30  30  35  35  34  32  69 197 186 188 188  86
 191 120  41  32  27  28  33  34  32  28  61 199 188 185 188 110
 193 107  37  24  22  23  28  31  30  31  67 195 188 188 186 108
 125 137 121 115 105  99  93 104 115 113 152 194 189 188 188 103
  29 145 198 194 195 191 191 191 192 191 190 188 190 188 190  95
  31 165 193 186 186 186 186 186 186 185 187 187 188 188 189  96
  21 151 192 187 187 188 185 185 185 184 185 190 186 182 188 102
  27 154 194 190 191 194 193 194 192 191 191 187 184 183 191  92
  42  71  39  41  48  51  70  78  76  48  46  50  52  54  55 119

 172 138 147 153 144 149 133 113 140 121 116 114 114 121 113 130
  39  30  39  44  43  71 220 232 239 232 236 240 236 230 221  65
  52  56  58  54  51  49 220 237 237 238 240 237 237 236 223  64
  62  64  65  65  62  58 224 235 238 240 239 237 236 238 223  61
  49  46  47  42  44  56 202 225 226 226 231 233 236 235 224  58
 183 189 215 201 205 187 105  80  63  78 176 232 238 237 231  56
 238 237 240 243 238 213  63  57  56  48 132 227 235 238 229  57
 240 241 241 244 235 208  56  55  56  54 130 226 236 235 228  88
 241 241 240 242 235 207  57  57  57  55 119 227 237 237 228  91
 241 241 240 243 235 200  51  59  57  55 108 231 235 237 227  82
 242 241 241 243 235 193  43  56  57  53 113 233 236 238 227  62
 243 243 241 244 236 230  37  59  57  52 117 232 236 237 227  58
 243 244 241 245 239 229  39  66  60  53 126 232 235 238 230  54
 245 244 244 246 240 224  64  81  79  75 140 223 229 228 222  64
 246 245 243 243 241 237 160 145 149 143 167 164 173 180 170 101
 243 244 244 247 245 243 241 237 236 233 151  60  65  58  52  66
 156 128 141 144 136 137 112  93 121 112 107 103 104 108  98 123
  28  20  29  29  28  60 205 207 207 205 207 208 208 206 201  58
  38  39  40  35  34  38 205 209 208 208 208 206 207 206 199  57
  44  41  43  42  41  41 208 208 208 206 206 207 208 208 199  57
  35  30  29  23  23  39 189 208 208 208 209 207 207 207 201  54
 164 171 196 177 178 167  95  70  59  68 158 203 206 206 206  53
 210 210 210 210 206 193  57  42  38  32 117 205 206 208 207  51
 212 212 212 212 210 189  48  45  40  37 121 205 207 208 208  80
 212 212 210 210 209 187  44  45  42  38 109 205 207 208 209  82
 213 212 210 210 209 178  39  44  42  36  97 206 207 208 208  73
 213 212 211 209 209 174  34  39  38  33 102 207 209 208 209  55
 214 214 211 211 209 206  32  39  38  32 107 209 210 207 207  51
 214 214 212 213 212 206  30  43  44  35 115 207 212 207 207  44
 214 214 214 214 212 205  40  49  50  45 126 207 207 206 205  45
 213 215 215 212 210 212 132 122 128 122 152 151 161 157 162  80
 214 215 214 214 213 213 209 211 209 210 138  37  40  27  33  47
 150 126 137 142 133 128 103  86 110 108 103  95  96 102  92 119
  24  18  19  22  22  52 193 188 188 186 188 190 189 188 191  55
  26  27  28  25  28  36 201 188 185 188 188 188 188 182 183  54
  33  31  32  31  33  40 199 186 188 188 189 190 188 186 184  52
  27  25  25  20  19  35 180 197 199 195 194 188 187 190 187  50
 152 162 186 167 164 155  96  69  61  67 152 190 187 185 191  46
 192 190 186 189 189 177  51  32  28  31 113 191 185 184 191  48
 190 190 190 189 190 176  41  34  32  30 115 192 186 185 192  76
 190 190 191 189 191 176  39  35  34  31 104 191 186 185 194  78
 191 190 192 191 191 169  34  35  33  28  93 191 186 185 193  70
 192 191 192 192 191 164  31  30  28  23  99 191 186 188 194  51
 192 192 193 192 191 194  30  30  27  22 105 195 186 187 191  48
 192 193 193 191 192 191  28  35  32  24 115 194 186 187 190  41
 194 192 193 192 193 189  36  41  41  37 121 198 193 192 194  39
 193 193 192 192 193 195 125 114 120 107 137 145 165 151 154  71
 193 192 191 191 190 190 192 192 191 193 125  29  31  21  27  42

 130  65  64  61  58  56  57  88  91  82  62  58  54  64 101  66
 113 221 223 223 224 231 229 228 228 227 227 227 230 222 170  52
 121 230 236 238 235 237 238 235 237 237 238 237 238 228 180  58
 114 236 237 236 236 238 235 236 237 235 236 236 235 229 173  65
 114 240 237 237 233 232 227 226 227 231 233 232 232 223 164  60
 116 236 240 239 231 176 132 130 119 108 113 117 126 140 167 151
 121 232 238 240 226  78  48  54  55  55  53  52  53  75 143 233
 140 239 237 238 226  63  56  56  57  57  57  57  60  79 149 236
 113 232 237 235 225  80  57  55  57  59  56  59  66  81 145 237
 133 220 220 224 202 105  63  56  57  51  43  37  39  64 160 241
 149  71  49  58  56 187 213 208 207 200 193 230 229 224 237 243
 144  43  51  62  44 205 238 235 235 235 235 236 239 240 241 245
 153  44  54  65  42 201 243 244 242 243 243 244 245 246 243 247
 147  39  58  65  47 215 240 241 240 240 241 241 241 244 243 244
 138  30  56  64  46 189 237 241 241 241 241 243 244 244 245 244
 172  39  52  62  49 183 238 240 241 241 242 243 243 245 246 243
 123  58  57  57  54  53  51  80  82  73  55  51  44  45  80  47
  98 201 199 199 201 206 207 208 209 208 209 207 207 205 162  33
 108 206 206 208 207 206 208 208 208 208 208 207 207 206 157  27
 104 208 207 208 207 206 206 207 207 207 209 210 212 207 161  40
 103 208 206 207 207 203 205 205 205 206 207 209 207 207 151  37
 107 207 208 206 209 158 117 121 109  97 102 107 115 126 152 138
 112 205 208 206 208  68  32  37  38  36  33  32  35  45 122 210
 121 207 208 208 208  59  38  40  42  42  38  38  44  50 128 209
  93 207 209 208 208  70  42  45  45  44  39  39  43  49 122 211
 112 205 205 208 189  95  57  48  44  39  34  32  30  40 132 209
 137  60  38  41  39 167 193 189 187 178 174 206 206 205 212 213
 136  28  34  41  23 178 206 210 209 209 209 209 212 212 210 213
 144  29  35  42  23 177 210 212 210 210 209 211 213 214 212 214
 141  29  40  43  29 196 210 212 210 210 211 211 212 214 215 214
 128  20  39  41  30 171 210 212 212 212 212 214 214 214 215 215
 156  28  38  44  35 164 210 212 212 213 213 214 214 214 213 214
 119  55  54  52  50  46  48  76  78  70  51  48  41  39  71  42
  92 191 183 184 187 191 191 192 194 193 194 191 190 194 154  27
 102 188 182 186 190 185 184 185 185 185 188 187 187 192 151  21
  96 189 188 188 187 187 185 186 186 186 186 186 186 193 165  31
  95 190 188 190 188 190 191 192 191 191 191 195 194 198 145  29
 103 188 188 189 194 152 113 115 104  93  99 105 115 121 137 125
 108 186 188 188 195  67  31  30  31  28  23  22  24  37 107 193
 110 188 185 188 199  61  28  32  34  33  28  27  32  41 120 191
  86 188 188 186 197  69  32  34  35  35  30  30  35  41 114 192
 103 193 201 199 180  96  51  41  39  34  31  30  28  36 125 192
 128  52  36  40  35 155 177 176 176 169 164 194 191 189 195 190
 133  22  28  33  19 164 189 190 191 191 191 191 192 193 193 190
 142  22  25  31  20 167 189 189 189 191 192 192 191 192 192 191
 137  19  28  32  25 186 186 190 191 192 192 193 193 193 192 191
 126  18  27  31  25 162 190 190 190 190 191 192 193 192 193 192
 150  24  26  33  27 152 192 190 190 191 192 192 192 194 193 193

  66  52  58  65  60 151 233 236 237 241 243 245 247 244 244 243
 101 170 180 173 164 167 143 149 145 160 237 241 243 243 245 246
  64 222 228 229 223 140  75  79  81  64 224 240 246 244 244 245
  54 230 238 235 232 126  53  60  66  39 229 239 245 241 244 243
  58 227 237 236 232 117  52  57  59  37 230 236 244 241 243 243
  62 227 238 236 233 113  53  57  56  43 193 235 243 241 241 242
  82 227 237 235 231 108  55  57  59  51 200 235 243 240 241 241
  91 228 237 237 227 119  55  57  57  57 207 235 242 240 241 241
  88 228 235 236 226 130  54  56  55  56 208 235 244 241 241 240
  57 229 238 235 227 132  48  56  57  63 213 238 243 240 237 238
  56 231 237 238 232 176  78  63  80 105 187 205 201 215 189 183
  58 224 235 236 233 231 226 226 225 202  56  44  42  47  46  49
  61 223 238 236 237 239 240 238 235 224  58  62  65  65  64  62
  64 223 236 237 237 240 238 237 237 220  49  51  54  58  56  52
  65 221 230 236 240 236 232 239 232 220  71  43  44  39  30  39
 130 113 121 114 114 116 121 140 113 133 149 144 153 147 138 172
  47  33  27  40  37 138 210 209 211 209 213 213 214 214 215 214
  80 162 157 161 151 152 122 128 122 132 212 210 212 215 215 213
  45 205 206 207 207 126  45  50  49  40 205 212 214 214 214 214
  44 207 207 212 207 115  35  44  43  30 206 212 213 212 214 214
  51 207 207 210 209 107  32  38  39  32 206 209 211 211 214 214
  55 209 208 209 207 102  33  38  39  34 174 209 209 211 212 213
  73 208 208 207 206  97  36  42  44  39 178 209 210 210 212 213
  82 209 208 207 205 109  38  42  45  44 187 209 210 210 212 212
  80 208 208 207 205 121  37  40  45  48 189 210 212 212 212 212
  51 207 208 206 205 117  32  38  42  57 193 206 210 210 210 210
  53 206 206 206 203 158  68  59  70  95 167 178 177 196 171 164
  54 201 207 207 207 209 208 208 208 189  39  23  23  29  30  35
  57 199 208 208 207 206 206 208 208 208  41  41  42  43  41  44
  57 199 206 207 206 208 208 208 209 205  38  34  35  40  39  38
  58 201 206 208 208 207 205 207 207 205  60  28  29  29  20  28
 123  98 108 104 103 107 112 121  93 112 137 136 144 141 128 156
  42  27  21  31  29 125 193 191 192 192 190 190 191 191 192 193
  71 154 151 165 145 137 107 120 114 125 195 193 192 192 193 193
  39 194 192 193 198 121  37  41  41  36 189 193 192 193 192 194
  41 190 187 186 194 115  24  32  35  28 191 192 191 193 193 192
  48 191 187 186 195 105  22  27  30  30 194 191 192 193 192 192
  51 194 188 186 191  99  23  28  30  31 164 191 192 192 191 192
  70 193 185 186 191  93  28  33  35  34 169 191 191 192 190 191
  78 194 185 186 191 104  31  34  35  39 176 191 189 191 190 190
  76 192 185 186 192 115  30  32  34  41 176 190 189 190 190 190
  48 191 184 185 191 113  31  28  32  51 177 189 189 186 190 192
  46 191 185 187 190 152  67  61  69  96 155 164 167 186 162 152
  50 187 190 187 188 194 195 199 197 180  35  19  20  25  25  27
  52 184 186 188 190 189 188 188 186 199  40  33  31  32  31  33
  54 183 182 188 188 188 188 185 188 201  36  28  25  28  27  26
  55 191 188 189 190 188 186 188 188 193  52  22  22  19  18  24
 119  92 102  96  95 103 108 110  86 103 128 133 142 137 126 150

