 238 237 230 227 231 237 237 233 234 234 149  47  49  45  51 175
 239 185  95  73  66  67  67  85 101  97 152 213 218 213 177 108
 237 146  86  62  50  50  55  57  53  47 116 231 234 232 227  65
 236 146  88  60  50  49  54  60  51  50 107 233 240 235 234  63
 239 143  80  52  46  44  53  61  52  54 108 229 238 239 238  71
 208 153  92  85  56  45  52  60  56  62 144 230 238 239 232  76
  63 158 223 228 227 226 225 226 226 226 235 235 235 239 234  73
  47 156 235 241 239 238 237 238 238 237 235 234 237 239 235  52
  51 155 229 237 236 237 238 239 240 239 238 237 238 238 234  54
  60 156 234 245 239 237 237 238 238 238 236 237 236 236 236  54
 120 204 233 239 240 238 237 237 237 237 225 171 157 164 175 132
 233 240 236 237 239 238 237 238 238 237 167  37  39  40  25 208
 238 241 241 242 239 237 237 238 239 237 166  53  61  53  39 206
 237 239 238 238 239 239 239 239 239 240 170  46  59  56  36 206
 235 233 234 235 234 234 235 233 236 235 168  38  54  48  36 211
 106 114 107 100 129 122 121 114 103  96  86  42  60  49  54 211
 206 207 203 200 204 208 209 207 208 209 140  21  24  21  25 164
 206 158  77  59  54  53  53  72  89  86 123 180 186 187 155  99
 207 110  52  40  34  34  37  41  40  34  96 206 206 207 204  51
 208 110  47  38  33  37  39  43  41  37  98 207 206 207 205  57
 208 108  46  39  36  37  41  44  40  36  94 208 207 208 206  58
 186 133  69  64  32  25  32  38  41  43 118 210 207 208 207  64
  44 149 202 202 202 204 204 204 204 204 209 210 206 205 207  62
  33 145 208 209 206 206 206 206 207 206 207 208 207 207 209  42
  35 143 207 211 207 205 206 207 208 207 207 208 207 207 210  46
  35 145 205 207 207 206 206 207 207 207 206 203 206 207 207  46
  98 180 207 207 208 207 206 206 206 206 194 152 140 146 159 108
 207 207 208 207 206 207 206 207 207 206 148  16  24  24  13 183
 205 206 206 206 206 206 206 207 207 206 149  32  42  37  19 182
 205 207 206 206 207 208 208 207 207 207 149  30  39  33  17 181
 208 206 207 208 206 206 207 207 209 208 149  28  38  34  17 177
  95 101  92  88 114 106 106 100  91  85  73  34  41  36  34 173
 189 189 186 185 189 192 193 191 191 192 130  16  16  13  23 156
 190 148  70  56  52  50  51  70  86  83 105 159 168 169 143  91
 191  99  44  32  27  29  32  36  35  29  94 192 190 189 189  51
 189  96  37  30  24  28  31  36  33  29  90 194 191 188 191  53
 191  94  37  30  27  27  31  35  31  27  86 193 190 188 192  56
 178 124  60  54  25  19  26  32  35  36 112 193 190 185 189  60
  41 143 188 189 191 191 191 192 191 191 190 190 187 188 187  60
  25 137 192 189 190 188 188 189 189 188 189 189 188 190 189  40
  27 137 191 187 188 187 188 190 191 190 189 189 188 190 189  44
  29 138 195 188 188 189 189 190 190 190 188 185 184 187 191  43
  88 165 189 187 189 190 189 188 188 188 177 141 133 139 152 102
 192 189 188 189 189 190 189 190 190 188 137  11  17  15   7 176
 186 188 188 188 188 188 189 190 190 188 139  25  31  24  13 171
 187 189 189 188 187 186 187 188 188 189 141  23  30  27  14 162
 190 188 189 190 190 191 189 188 191 192 143  21  30  25  12 158
  90  95  87  83 107 100 100  95  86  80  68  27  32  25  23 153

 175 108  65  63  71  76  73  52  54  54 132 208 206 206 211 211
  51 177 227 234 238 232 234 235 234 236 175  25  39  36  36  54
  45 213 232 235 239 239 239 239 238 236 164  40  53  56  48  49
  49 218 234 240 238 238 235 237 238 236 157  39  61  59  54  60
  47 213 231 233 229 230 235 234 237 237 171  37  53  46  38  42
 149 152 116 107 108 144 235 235 238 236 225 167 166 170 168  86
 234  97  47  50  54  62 226 237 239 238 237 237 237 240 235  96
 234 101  53  51  52  56 226 238 240 238 237 238 239 239 236 103
 233  85  57  60  61  60 226 238 239 238 237 238 238 239 233 114
 237  67  55  54  53  52 225 237 238 237 237 237 237 239 235 121
 237  67  50  49  44  45 226 238 237 237 238 238 237 239 234 122
 231  66  50  50  46  56 227 239 236 239 240 239 239 239 234 129
 227  73  62  60  52  85 228 241 237 245 239 237 242 238 235 100
 230  95  86  88  80  92 223 235 229 234 233 236 241 238 234 107
 237 185 146 146 143 153 158 156 155 156 204 240 241 239 233 114
 238 239 237 236 239 208  63  47  51  60 120 233 238 237 235 106
 164  99  51  57  58  64  62  42  46  46 108 183 182 181 177 173
  25 155 204 205 206 207 207 209 210 207 159  13  19  17  17  34
  21 187 207 207 208 208 205 207 207 207 146  24  37  33  34  36
  24 186 206 206 207 207 206 207 207 206 140  24  42  39  38  41
  21 180 206 207 208 210 210 208 208 203 152  16  32  30  28  34
 140 123  96  98  94 118 209 207 207 206 194 148 149 149 149  73
 209  86  34  37  36  43 204 206 207 207 206 206 206 207 208  85
 208  89  40  41  40  41 204 207 208 207 206 207 207 207 209  91
 207  72  41  43  44  38 204 206 207 207 206 207 207 207 207 100
 209  53  37  39  41  32 204 206 206 206 206 206 206 208 207 106
 208  53  34  37  37  25 204 206 205 206 207 207 206 208 206 106
 204  54  34  33  36  32 202 206 207 207 208 206 206 207 206 114
 200  59  40  38  39  64 202 209 211 207 207 207 206 206 208  88
 203  77  52  47  46  69 202 208 207 205 207 208 206 206 207  92
 207 158 110 110 108 133 149 145 143 145 180 207 206 207 206 101
 206 206 207 208 208 186  44  33  35  35  98 207 205 205 208  95
 156  91  51  53  56  60  60  40  44  43 102 176 171 162 158 153
  23 143 189 191 192 189 187 189 189 191 152   7  13  14  12  23
  13 169 189 188 188 185 188 190 190 187 139  15  24  27  25  25
  16 168 190 191 190 190 187 188 188 184 133  17  31  30  30  32
  16 159 192 194 193 193 190 189 189 185 141  11  25  23  21  27
 130 105  94  90  86 112 190 189 189 188 177 137 139 141 143  68
 192  83  29  29  27  36 191 188 190 190 188 188 188 189 192  80
 191  86  35  33  31  35 191 189 191 190 188 190 190 188 191  86
 191  70  36  36  35  32 192 189 190 190 188 190 190 188 188  95
 193  51  32  31  31  26 191 188 188 189 189 189 189 187 189 100
 192  50  29  28  27  19 191 188 187 189 190 190 188 186 191 100
 189  52  27  24  27  25 191 190 188 188 189 189 188 187 190 107
 185  56  32  30  30  54 189 189 187 188 187 189 188 188 190  83
 186  70  44  37  37  60 188 192 191 195 189 188 188 189 189  87
 189 148  99  96  94 124 143 137 137 138 165 189 188 189 188  95
 189 190 191 189 191 178  41  25  27  29  88 192 186 187 190  90

 211  54  49  60  42  86  96 103 114 121 122 129 100 107 114 106
 211  36  48  54  38 168 235 236 233 235 234 234 235 234 233 235
 206  36  56  59  46 170 240 239 239 239 239 239 238 238 239 237
 206  39  53  61  53 166 237 239 238 237 237 239 242 241 241 238
 208  25  40  39  37 167 237 238 238 237 238 239 237 236 240 233
 132 175 164 157 171 225 237 237 237 237 238 240 239 233 204 120
  54 236 236 236 237 236 238 238 238 237 237 239 245 234 156  60
  54 234 238 238 237 238 239 240 239 238 237 236 237 229 155  51
  52 235 239 237 234 235 237 238 238 237 238 239 241 235 156  47
  73 234 239 235 235 235 226 226 226 225 226 227 228 223 158  63
  76 232 239 238 230 144  62  56  60  52  45  56  85  92 153 208
  71 238 239 238 229 108  54  52  61  53  44  46  52  80 143 239
  63 234 235 240 233 107  50  51  60  54  49  50  60  88 146 236
  65 227 232 234 231 116  47  53  57  55  50  50  62  86 146 237
 108 177 213 218 213 152  97 101  85  67  67  66  73  95 185 239
 175  51  45  49  47 149 234 234 233 237 237 231 227 230 237 238
 173  34  36  41  34  73  85  91 100 106 106 114  88  92 101  95
 177  17  34  38  28 149 208 209 207 207 206 206 208 207 206 208
 181  17  33  39  30 149 207 207 207 208 208 207 206 206 207 205
 182  19  37  42  32 149 206 207 207 206 206 206 206 206 206 205
 183  13  24  24  16 148 206 207 207 206 207 206 207 208 207 207
 108 159 146 140 152 194 206 206 206 206 207 208 207 207 180  98
  46 207 207 206 203 206 207 207 207 206 206 207 207 205 145  35
  46 210 207 207 208 207 207 208 207 206 205 207 211 207 143  35
  42 209 207 207 208 207 206 207 206 206 206 206 209 208 145  33
  62 207 205 206 210 209 204 204 204 204 204 202 202 202 149  44
  64 207 208 207 210 118  43  41  38  32  25  32  64  69 133 186
  58 206 208 207 208  94  36  40  44  41  37  36  39  46 108 208
  57 205 207 206 207  98  37  41  43  39  37  33  38  47 110 208
  51 204 207 206 206  96  34  40  41  37  34  34  40  52 110 207
  99 155 187 186 180 123  86  89  72  53  53  54  59  77 158 206
 164  25  21  24  21 140 209 208 207 209 208 204 200 203 207 206
 153  23  25  32  27  68  80  86  95 100 100 107  83  87  95  90
 158  12  25  30  21 143 192 191 188 189 191 190 190 189 188 190
 162  14  27  30  23 141 189 188 188 187 186 187 188 189 189 187
 171  13  24  31  25 139 188 190 190 189 188 188 188 188 188 186
 176   7  15  17  11 137 188 190 190 189 190 189 189 188 189 192
 102 152 139 133 141 177 188 188 188 189 190 189 187 189 165  88
  43 191 187 184 185 188 190 190 190 189 189 188 188 195 138  29
  44 189 190 188 189 189 190 191 190 188 187 188 187 191 137  27
  40 189 190 188 189 189 188 189 189 188 188 190 189 192 137  25
  60 187 188 187 190 190 191 191 192 191 191 191 189 188 143  41
  60 189 185 190 193 112  36  35  32  26  19  25  54  60 124 178
  56 192 188 190 193  86  27  31  35  31  27  27  30  37  94 191
  53 191 188 191 194  90  29  33  36  31  28  24  30  37  96 189
  51 189 189 190 192  94  29  35  36  32  29  27  32  44  99 191
  91 143 169 168 159 105  83  86  70  51  50  52  56  70 148 190
 156  23  13  16  16 130 192 191 191 193 192 189 185 186 189 189

 106 235 237 238 233 120  60  51  47  63 208 239 236 237 239 238
 114 233 239 241 240 204 156 155 156 158 153 143 146 146 185 237
 107 234 238 241 236 233 234 229 235 223  92  80  88  86  95 230
 100 235 238 242 237 239 245 237 241 228  85  52  60  62  73 227
 129 234 239 239 239 240 239 236 239 227  56  46  50  50  66 231
 122 234 239 237 238 238 237 237 238 226  45  44  49  50  67 237
 121 235 239 237 237 237 237 238 237 225  52  53  54  55  67 237
 114 233 239 238 238 237 238 239 238 226  60  61  60  57  85 233
 103 236 239 239 238 237 238 240 238 226  56  52  51  53 101 234
  96 235 240 237 237 237 238 239 237 226  62  54  50  47  97 234
  86 168 170 166 167 225 236 238 235 235 144 108 107 116 152 149
  42  38  46  53  37 171 237 237 234 235 230 229 233 231 213  47
  60  54  59  61  39 157 236 238 237 235 238 238 240 234 218  49
  49  48  56  53  40 164 236 238 239 239 239 239 235 232 213  45
  54  36  36  39  25 175 236 234 235 234 232 238 234 227 177  51
 211 211 206 206 208 132  54  54  52  73  76  71  63  65 108 175
  95 208 205 205 207  98  35  35  33  44 186 208 208 207 206 206
 101 206 207 206 207 180 145 143 145 149 133 108 110 110 158 207
  92 207 206 206 208 207 205 207 208 202  69  46  47  52  77 203
  88 208 206 206 207 207 207 211 209 202  64  39  38  40  59 200
 114 206 207 206 206 208 207 207 206 202  32  36  33  34  54 204
 106 206 208 206 207 207 206 205 206 204  25  37  37  34  53 208
 106 207 208 206 206 206 206 206 206 204  32  41  39  37  53 209
 100 207 207 207 207 206 207 207 206 204  38  44  43  41  72 207
  91 209 207 207 207 206 207 208 207 204  41  40  41  40  89 208
  85 208 207 206 206 206 207 207 206 204  43  36  37  34  86 209
  73 149 149 149 148 194 206 207 207 209 118  94  98  96 123 140
  34  28  30  32  16 152 203 208 208 210 210 208 207 206 180  21
  41  38  39  42  24 140 206 207 207 206 207 207 206 206 186  24
  36  34  33  37  24 146 207 207 207 205 208 208 207 207 187  21
  34  17  17  19  13 159 207 210 209 207 207 206 205 204 155  25
 173 177 181 182 183 108  46  46  42  62  64  58  57  51  99 164
  90 190 187 186 192  88  29  27  25  41 178 191 189 191 190 189
  95 188 189 188 189 165 138 137 137 143 124  94  96  99 148 189
  87 189 189 188 188 189 195 191 192 188  60  37  37  44  70 186
  83 190 188 188 189 187 188 187 189 189  54  30  30  32  56 185
 107 190 187 188 189 189 188 188 190 191  25  27  24  27  52 189
 100 191 186 188 190 190 189 187 188 191  19  27  28  29  50 192
 100 189 187 189 189 189 189 188 188 191  26  31  31  32  51 193
  95 188 188 190 190 188 190 190 189 192  32  35  36  36  70 191
  86 191 188 190 190 188 190 191 189 191  35  31  33  35  86 191
  80 192 189 188 188 188 190 190 188 191  36  27  29  29  83 192
  68 143 141 139 137 177 188 189 189 190 112  86  90  94 105 130
  27  21  23  25  11 141 185 189 189 190 193 193 194 192 159  16
  32  30  30  31  17 133 184 188 188 187 190 190 191 190 168  16
  25  25  27  24  15 139 187 190 190 188 185 188 188 189 169  13
  23  12  14  13   7 152 191 189 189 187 189 192 191 189 143  23
 153 158 162 171 176 102  43  44  40  60  60  56  53  51  91 156

