 236 233 228 231 228 226 223 224 225 224 181  62  55  47  51 161
 233 185  95  97  89  83  87  75  86  90 110 161 179 173 177 134
 235 136  51  62  60  62  69  63  61  55  73 214 217 218 223 134
 233 131  57  59  58  65  66  63  63  60  74 207 222 222 225 113
 229 150  52  56  57  64  65  63  54  50  67 211 226 221 221 113
 216 134  54  57  59  62  64  60  57  55  67 180 201 205 206 129
  54  37  53  58  58  63  66  60  59  52  37  43  47  18  26 145
  64  53  53  57  57  60  65  63  62  56  50  54  48  55  42 149
  58  55  51  55  54  58  62  65  62  56  51  52  47  52  46 140
  55  52  48  56  55  56  62  62  59  55  47  50  47  50  44 150
  54  52  51  56  57  60  64  64  58  56  50  48  48  48  39 141
  55  54  54  60  58  60  64  63  58  58  50  47  47  46  36 134
  55  53  55  59  58  62  65  63  62  58  53  48  47  49  42 148
  54  51  53  57  58  61  64  65  61  57  57  51  48  52  43 152
  49  44  44  51  60  55  55  58  51  48  42  53  50  53  45 138
 160 146 171 165 185 181 182 173 165 186 164  44  53  56  45 142
 203 204 201 203 201 199 198 200 201 202 160  33  26  20  17 128
 204 158  71  82  77  68  74  64  76  81 103 143 165 158 158 116
 202 118  29  42  40  41  49  49  42  36  56 194 197 195 196 106
 203 112  33  39  41  46  48  46  41  36  60 193 197 195 194  86
 201 120  26  38  40  46  47  43  40  33  61 195 196 194 194  98
 199 109  29  38  41  43  45  41  38  34  52 166 177 182 182 112
  41  26  32  39  39  45  48  41  39  37  25  35  42  18  21 133
  35  35  35  38  38  41  46  43  40  37  29  32  33  32  19 136
  37  36  35  39  37  39  43  44  40  36  30  31  34  32  23 128
  37  35  35  38  36  36  42  43  40  36  28  30  32  33  22 134
  36  34  34  36  37  40  45  44  39  37  31  30  32  34  29 135
  37  34  34  40  38  40  44  43  38  38  30  30  31  31  27 126
  36  33  35  39  38  43  45  44  43  38  32  31  31  31  24 133
  34  31  33  38  39  42  45  46  42  38  34  32  32  33  25 138
  29  24  25  30  31  27  30  36  29  27  20  29  33  35  27 129
 139 126 151 145 153 151 155 149 146 167 140  22  34  36  28 126
 185 185 184 186 184 186 187 186 187 186 150  26  21  14  10 123
 182 144  64  80  78  71  73  62  70  72 102 140 161 155 148 109
 183 110  25  33  27  29  40  43  32  24  53 181 177 179 180  96
 185 102  24  29  31  36  35  31  28  27  59 184 177 176 179  79
 180 107  19  27  28  34  34  33  29  25  58 185 176 172 176  94
 185  96  21  27  28  31  33  30  29  25  46 158 167 170 172 109
  37  20  25  29  27  32  35  30  31  29  18  29  38  13  14 127
  27  27  27  29  27  30  34  32  31  30  23  25  22  23  16 132
  28  28  27  31  28  30  32  34  30  28  24  24  23  23  19 123
  27  27  25  30  28  28  32  32  30  27  22  23  22  22  18 130
  26  25  25  28  29  31  35  34  29  29  25  23  20  22  21 130
  28  26  25  31  30  32  36  35  30  30  23  24  22  20  19 121
  27  25  27  30  29  33  36  34  32  27  23  24  25  23  17 127
  26  23  25  29  28  31  34  35  32  27  21  25  25  26  21 133
  22  18  19  23  20  19  20  29  24  24  10  22  22  26  22 124
 131 118 141 134 137 136 143 141 137 161 129  17  25  28  21 120

 161 134 134 113 113 129 145 149 140 150 141 134 148 152 138 142
  51 177 223 225 221 206  26  42  46  44  39  36  42  43  45  45
  47 173 218 222 221 205  18  55  52  50  48  46  49  52  53  56
  55 179 217 222 226 201  47  48  47  47  48  47  47  48  50  53
  62 161 214 207 211 180  43  54  52  50  48  47  48  51  53  44
 181 110  73  74  67  67  37  50  51  47  50  50  53  57  42 164
 224  90  55  60  50  55  52  56  56  55  56  58  58  57  48 186
 225  86  61  63  54  57  59  62  62  59  58  58  62  61  51 165
 224  75  63  63  63  60  60  63  65  62  64  63  63  65  58 173
 223  87  69  66  65  64  66  65  62  62  64  64  65  64  55 182
 226  83  62  65  64  62  63  60  58  56  60  60  62  61  55 181
 228  89  60  58  57  59  58  57  54  55  57  58  58  58  60 185
 231  97  62  59  56  57  58  57  55  56  56  60  59  57  51 165
 228  95  51  57  52  54  53  53  51  48  51  54  55  53  44 171
 233 185 136 131 150 134  37  53  55  52  52  54  53  51  44 146
 236 233 235 233 229 216  54  64  58  55  54  55  55  54  49 160
 128 116 106  86  98 112 133 136 128 134 135 126 133 138 129 126
  17 158 196 194 194 182  21  19  23  22  29  27  24  25  27  28
  20 158 195 195 194 182  18  32  32  33  34  31  31  33  35  36
  26 165 197 197 196 177  42  33  34  32  32  31  31  32  33  34
  33 143 194 193 195 166  35  32  31  30  30  30  31  32  29  22
 160 103  56  60  61  52  25  29  30  28  31  30  32  34  20 140
 202  81  36  36  33  34  37  37  36  36  37  38  38  38  27 167
 201  76  42  41  40  38  39  40  40  40  39  38  43  42  29 146
 200  64  49  46  43  41  41  43  44  43  44  43  44  46  36 149
 198  74  49  48  47  45  48  46  43  42  45  44  45  45  30 155
 199  68  41  46  46  43  45  41  39  36  40  40  43  42  27 151
 201  77  40  41  40  41  39  38  37  36  37  38  38  39  31 153
 203  82  42  39  38  38  39  38  39  38  36  40  39  38  30 145
 201  71  29  33  26  29  32  35  35  35  34  34  35  33  25 151
 204 158 118 112 120 109  26  35  36  35  34  34  33  31  24 126
 203 204 202 203 201 199  41  35  37  37  36  37  36  34  29 139
 123 109  96  79  94 109 127 132 123 130 130 121 127 133 124 120
  10 148 180 179 176 172  14  16  19  18  21  19  17  21  22  21
  14 155 179 176 172 170  13  23  23  22  22  20  23  26  26  28
  21 161 177 177 176 167  38  22  23  22  20  22  25  25  22  25
  26 140 181 184 185 158  29  25  24  23  23  24  24  25  22  17
 150 102  53  59  58  46  18  23  24  22  25  23  23  21  10 129
 186  72  24  27  25  25  29  30  28  27  29  30  27  27  24 161
 187  70  32  28  29  29  31  31  30  30  29  30  32  32  24 137
 186  62  43  31  33  30  30  32  34  32  34  35  34  35  29 141
 187  73  40  35  34  33  35  34  32  32  35  36  36  34  20 143
 186  71  29  36  34  31  32  30  30  28  31  32  33  31  19 136
 184  78  27  31  28  28  27  27  28  28  29  30  29  28  20 137
 186  80  33  29  27  27  29  29  31  30  28  31  30  29  23 134
 184  64  25  24  19  21  25  27  27  25  25  25  27  25  19 141
 185 144 110 102 107  96  20  27  28  27  25  26  25  23  18 118
 185 182 183 185 180 185  37  27  28  27  26  28  27  26  22 131

 142  45  56  53  44 164 186 165 173 182 181 185 165 171 146 160
 138  45  53  50  53  42  48  51  58  55  55  60  51  44  44  49
 152  43  52  48  51  57  57  61  65  64  61  58  57  53  51  54
 148  42  49  47  48  53  58  62  63  65  62  58  59  55  53  55
 134  36  46  47  47  50  58  58  63  64  60  58  60  54  54  55
 141  39  48  48  48  50  56  58  64  64  60  57  56  51  52  54
 150  44  50  47  50  47  55  59  62  62  56  55  56  48  52  55
 140  46  52  47  52  51  56  62  65  62  58  54  55  51  55  58
 149  42  55  48  54  50  56  62  63  65  60  57  57  53  53  64
 145  26  18  47  43  37  52  59  60  66  63  58  58  53  37  54
 129 206 205 201 180  67  55  57  60  64  62  59  57  54 134 216
 113 221 221 226 211  67  50  54  63  65  64  57  56  52 150 229
 113 225 222 222 207  74  60  63  63  66  65  58  59  57 131 233
 134 223 218 217 214  73  55  61  63  69  62  60  62  51 136 235
 134 177 173 179 161 110  90  86  75  87  83  89  97  95 185 233
 161  51  47  55  62 181 224 225 224 223 226 228 231 228 233 236
 126  28  36  34  22 140 167 146 149 155 151 153 145 151 126 139
 129  27  35  33  29  20  27  29  36  30  27  31  30  25  24  29
 138  25  33  32  32  34  38  42  46  45  42  39  38  33  31  34
 133  24  31  31  31  32  38  43  44  45  43  38  39  35  33  36
 126  27  31  31  30  30  38  38  43  44  40  38  40  34  34  37
 135  29  34  32  30  31  37  39  44  45  40  37  36  34  34  36
 134  22  33  32  30  28  36  40  43  42  36  36  38  35  35  37
 128  23  32  34  31  30  36  40  44  43  39  37  39  35  36  37
 136  19  32  33  32  29  37  40  43  46  41  38  38  35  35  35
 133  21  18  42  35  25  37  39  41  48  45  39  39  32  26  41
 112 182 182 177 166  52  34  38  41  45  43  41  38  29 109 199
  98 194 194 196 195  61  33  40  43  47  46  40  38  26 120 201
  86 194 195 197 193  60  36  41  46  48  46  41  39  33 112 203
 106 196 195 197 194  56  36  42  49  49  41  40  42  29 118 202
 116 158 158 165 143 103  81  76  64  74  68  77  82  71 158 204
 128  17  20  26  33 160 202 201 200 198 199 201 203 201 204 203
 120  21  28  25  17 129 161 137 141 143 136 137 134 141 118 131
 124  22  26  22  22  10  24  24  29  20  19  20  23  19  18  22
 133  21  26  25  25  21  27  32  35  34  31  28  29  25  23  26
 127  17  23  25  24  23  27  32  34  36  33  29  30  27  25  27
 121  19  20  22  24  23  30  30  35  36  32  30  31  25  26  28
 130  21  22  20  23  25  29  29  34  35  31  29  28  25  25  26
 130  18  22  22  23  22  27  30  32  32  28  28  30  25  27  27
 123  19  23  23  24  24  28  30  34  32  30  28  31  27  28  28
 132  16  23  22  25  23  30  31  32  34  30  27  29  27  27  27
 127  14  13  38  29  18  29  31  30  35  32  27  29  25  20  37
 109 172 170 167 158  46  25  29  30  33  31  28  27  21  96 185
  94 176 172 176 185  58  25  29  33  34  34  28  27  19 107 180
  79 179 176 177 184  59  27  28  31  35  36  31  29  24 102 185
  96 180 179 177 181  53  24  32  43  40  29  27  33  25 110 183
 109 148 155 161 140 102  72  70  62  73  71  78  80  64 144 182
 123  10  14  21  26 150 186 187 186 187 186 184 186 184 185 185

 160  49  54  55  55  54  55  58  64  54 216 229 233 235 233 236
 146  44  51  53  54  52  52  55  53  37 134 150 131 136 185 233
 171  44  53  55  54  51  48  51  53  53  54  52  57  51  95 228
 165  51  57  59  60  56  56  55  57  58  57  56  59  62  97 231
 185  60  58  58  58  57  55  54  57  58  59  57  58  60  89 228
 181  55  61  62  60  60  56  58  60  63  62  64  65  62  83 226
 182  55  64  65  64  64  62  62  65  66  64  65  66  69  87 223
 173  58  65  63  63  64  62  65  63  60  60  63  63  63  75 224
 165  51  61  62  58  58  59  62  62  59  57  54  63  61  86 225
 186  48  57  58  58  56  55  56  56  52  55  50  60  55  90 224
 164  42  57  53  50  50  47  51  50  37  67  67  74  73 110 181
  44  53  51  48  47  48  50  52  54  43 180 211 207 214 161  62
  53  50  48  47  47  48  47  47  48  47 201 226 222 217 179  55
  56  53  52  49  46  48  50  52  55  18 205 221 222 218 173  47
  45  45  43  42  36  39  44  46  42  26 206 221 225 223 177  51
 142 138 152 148 134 141 150 140 149 145 129 113 113 134 134 161
 139  29  34  36  37  36  37  37  35  41 199 201 203 202 204 203
 126  24  31  33  34  34  35  36  35  26 109 120 112 118 158 204
 151  25  33  35  34  34  35  35  35  32  29  26  33  29  71 201
 145  30  38  39  40  36  38  39  38  39  38  38  39  42  82 203
 153  31  39  38  38  37  36  37  38  39  41  40  41  40  77 201
 151  27  42  43  40  40  36  39  41  45  43  46  46  41  68 199
 155  30  45  45  44  45  42  43  46  48  45  47  48  49  74 198
 149  36  46  44  43  44  43  44  43  41  41  43  46  49  64 200
 146  29  42  43  38  39  40  40  40  39  38  40  41  42  76 201
 167  27  38  38  38  37  36  36  37  37  34  33  36  36  81 202
 140  20  34  32  30  31  28  30  29  25  52  61  60  56 103 160
  22  29  32  31  30  30  30  31  32  35 166 195 193 194 143  33
  34  33  32  31  31  32  32  34  33  42 177 196 197 197 165  26
  36  35  33  31  31  34  33  32  32  18 182 194 195 195 158  20
  28  27  25  24  27  29  22  23  19  21 182 194 194 196 158  17
 126 129 138 133 126 135 134 128 136 133 112  98  86 106 116 128
 131  22  26  27  28  26  27  28  27  37 185 180 185 183 182 185
 118  18  23  25  26  25  27  28  27  20  96 107 102 110 144 185
 141  19  25  27  25  25  25  27  27  25  21  19  24  25  64 184
 134  23  29  30  31  28  30  31  29  29  27  27  29  33  80 186
 137  20  28  29  30  29  28  28  27  27  28  28  31  27  78 184
 136  19  31  33  32  31  28  30  30  32  31  34  36  29  71 186
 143  20  34  36  36  35  32  32  34  35  33  34  35  40  73 187
 141  29  35  34  35  34  32  34  32  30  30  33  31  43  62 186
 137  24  32  32  30  29  30  30  31  31  29  29  28  32  70 187
 161  24  27  27  30  29  27  28  30  29  25  25  27  24  72 186
 129  10  21  23  23  25  22  24  23  18  46  58  59  53 102 150
  17  22  25  24  24  23  23  24  25  29 158 185 184 181 140  26
  25  22  25  25  22  20  22  23  22  38 167 176 177 177 161  21
  28  26  26  23  20  22  22  23  23  13 170 172 176 179 155  14
  21  22  21  17  19  21  18  19  16  14 172 176 179 180 148  10
 120 124 133 127 121 130 130 123 132 127 109  94  79  96 109 123

