  71  54  65  67  68  74  76  73  72  65  46  46  39  44  43 169
 218 113  62  70  71  75  78  79  74  63  78 206 196 191 206 155
 239 139  63  70  71  73  78  85  72  59  85 230 240 234 233 145
 239 133  62  68  67  75  82  86  74  67  94 233 240 239 237 132
 234 121  57  63  64  70  75  82  72  66  99 230 240 238 238 115
 155 149 102 102 106 113 107 118 117  90 138 235 238 237 241 124
  44 179 229 229 230 233 236 234 234 234 235 239 240 240 241 124
  49 184 236 238 240 237 239 239 240 240 240 242 240 239 239 139
  53 176 234 243 241 241 240 240 242 243 242 242 240 237 238 133
  46 187 231 238 239 241 235 230 234 236 240 240 241 239 236 111
 182 151  96  94 101 125 103 112 129 103 177 234 240 241 240 108
 242 131  71  75  69  72  74  73  67  58 104 237 239 242 240 113
 241 117  65  71  78  81  88  84  72  66  99 235 241 238 241 113
 243 109  57  77  78  80  80  82  78  65 105 236 242 240 243 129
 228 114  59  82  74  78  77  85  76  62 116 226 231 231 229 122
  61  63  66  77  71  76  75  81  78  69  43  59  79  53  63 181
  62  38  35  47  47  54  57  54  52  45  28  29  19  22  16 141
 203  92  35  50  50  55  56  55  53  46  63 187 183 168 179 127
 213 103  39  49  50  55  55  57  50  43  73 207 207 206 209 108
 211 101  38  48  51  56  59  64  58  48  68 208 207 207 207 100
 210  97  36  46  52  54  51  57  50  46  76 206 208 207 206  91
 141 136  89  89  94  93  75  85  90  69 116 207 209 208 208 104
  22 159 207 208 209 209 208 206 209 209 208 208 208 208 205  95
  27 169 207 208 206 208 207 207 207 208 208 208 208 208 210  97
  30 156 208 208 207 209 207 207 207 208 207 208 209 209 209 103
  24 172 208 211 210 213 210 206 207 205 207 209 206 208 210  88
 163 132  83  84  97 108  93  99 116  90 154 207 206 209 212  88
 214  90  44  52  47  47  50  51  54  46  90 209 208 210 210  88
 214  94  41  52  55  62  59  61  54  41  94 207 212 210 210  77
 213  89  42  52  55  62  61  60  54  46  88 208 209 210 210  95
 204  84  40  57  55  58  58  64  52  41  98 206 209 210 205  93
  45  27  41  53  52  59  49  57  56  49  27  47  69  49  54 161
  53  30  32  41  37  47  43  40  42  36  17  25  14  16  10 134
 191  84  27  40  38  45  43  42  41  37  57 179 172 158 167 114
 191  88  29  40  42  40  44  46  36  33  69 192 189 190 191  95
 189  89  30  41  41  47  46  44  37  35  66 195 190 190 189  91
 191  89  29  39  43  40  39  44  36  34  73 193 189 189 187  81
 134 132  86  84  86  87  70  80  86  64 112 194 187 189 190  94
  20 154 194 197 193 192 193 194 198 195 192 192 190 190 189  82
  21 160 191 190 192 189 190 190 190 191 191 190 189 191 192  82
  24 148 192 189 191 188 189 190 190 191 190 189 187 189 192  90
  17 164 196 192 196 195 192 190 194 191 191 188 191 185 189  81
 155 122  86  82  93 103  90 100 114  86 146 187 190 187 190  78
 194  66  36  45  39  41  41  42  43  37  87 195 190 189 188  75
 194  86  35  44  40  45  48  47  36  31  91 194 188 188 190  63
 191  78  32  42  42  49  49  49  42  39  81 192 188 189 191  83
 192  76  30  48  42  46  45  51  39  32  92 197 198 197 194  86
  42  21  31  43  40  46  38  41  40  37  24  47  65  42  46 152

 169 155 145 132 115 124 124 139 133 111 108 113 113 129 122 181
  43 206 233 237 238 241 241 239 238 236 240 240 241 243 229  63
  44 191 234 239 238 237 240 239 237 239 241 242 238 240 231  53
  39 196 240 240 240 238 240 240 240 241 240 239 241 242 231  79
  46 206 230 233 230 235 239 242 242 240 234 237 235 236 226  59
  46  78  85  94  99 138 235 240 242 240 177 104  99 105 116  43
  65  63  59  67  66  90 234 240 243 236 103  58  66  65  62  69
  72  74  72  74  72 117 234 240 242 234 129  67  72  78  76  78
  73  79  85  86  82 118 234 239 240 230 112  73  84  82  85  81
  76  78  78  82  75 107 236 239 240 235 103  74  88  80  77  75
  74  75  73  75  70 113 233 237 241 241 125  72  81  80  78  76
  68  71  71  67  64 106 230 240 241 239 101  69  78  78  74  71
  67  70  70  68  63 102 229 238 243 238  94  75  71  77  82  77
  65  62  63  62  57 102 229 236 234 231  96  71  65  57  59  66
  54 113 139 133 121 149 179 184 176 187 151 131 117 109 114  63
  71 218 239 239 234 155  44  49  53  46 182 242 241 243 228  61
 141 127 108 100  91 104  95  97 103  88  88  88  77  95  93 161
  16 179 209 207 206 208 205 210 209 210 212 210 210 210 205  54
  22 168 206 207 207 208 208 208 209 208 209 210 210 210 210  49
  19 183 207 207 208 209 208 208 209 206 206 208 212 209 209  69
  29 187 207 208 206 207 208 208 208 209 207 209 207 208 206  47
  28  63  73  68  76 116 208 208 207 207 154  90  94  88  98  27
  45  46  43  48  46  69 209 208 208 205  90  46  41  46  41  49
  52  53  50  58  50  90 209 207 207 207 116  54  54  54  52  56
  54  55  57  64  57  85 206 207 207 206  99  51  61  60  64  57
  57  56  55  59  51  75 208 207 207 210  93  50  59  61  58  49
  54  55  55  56  54  93 209 208 209 213 108  47  62  62  58  59
  47  50  50  51  52  94 209 206 207 210  97  47  55  55  55  52
  47  50  49  48  46  89 208 208 208 211  84  52  52  52  57  53
  35  35  39  38  36  89 207 207 208 208  83  44  41  42  40  41
  38  92 103 101  97 136 159 169 156 172 132  90  94  89  84  27
  62 203 213 211 210 141  22  27  30  24 163 214 214 213 204  45
 134 114  95  91  81  94  82  82  90  81  78  75  63  83  86 152
  10 167 191 189 187 190 189 192 192 189 190 188 190 191 194  46
  16 158 190 190 189 189 190 191 189 185 187 189 188 189 197  42
  14 172 189 190 189 187 190 189 187 191 190 190 188 188 198  65
  25 179 192 195 193 194 192 190 189 188 187 195 194 192 197  47
  17  57  69  66  73 112 192 191 190 191 146  87  91  81  92  24
  36  37  33  35  34  64 195 191 191 191  86  37  31  39  32  37
  42  41  36  37  36  86 198 190 190 194 114  43  36  42  39  40
  40  42  46  44  44  80 194 190 190 190 100  42  47  49  51  41
  43  43  44  46  39  70 193 190 189 192  90  41  48  49  45  38
  47  45  40  47  40  87 192 189 188 195 103  41  45  49  46  46
  37  38  42  41  43  86 193 192 191 196  93  39  40  42  42  40
  41  40  40  41  39  84 197 190 189 192  82  45  44  42  48  43
  32  27  29  30  29  86 194 191 192 196  86  36  35  32  30  31
  30  84  88  89  89 132 154 160 148 164 122  66  86  78  76  21
  53 191 191 189 191 134  20  21  24  17 155 194 194 191 192  42

 181  63  53  79  59  43  69  78  81  75  76  71  77  66  63  61
 122 229 231 231 226 116  62  76  85  77  78  74  82  59 114 228
 129 243 240 242 236 105  65  78  82  80  80  78  77  57 109 243
 113 241 238 241 235  99  66  72  84  88  81  78  71  65 117 241
 113 240 242 239 237 104  58  67  73  74  72  69  75  71 131 242
 108 240 241 240 234 177 103 129 112 103 125 101  94  96 151 182
 111 236 239 241 240 240 236 234 230 235 241 239 238 231 187  46
 133 238 237 240 242 242 243 242 240 240 241 241 243 234 176  53
 139 239 239 240 242 240 240 240 239 239 237 240 238 236 184  49
 124 241 240 240 239 235 234 234 234 236 233 230 229 229 179  44
 124 241 237 238 235 138  90 117 118 107 113 106 102 102 149 155
 115 238 238 240 230  99  66  72  82  75  70  64  63  57 121 234
 132 237 239 240 233  94  67  74  86  82  75  67  68  62 133 239
 145 233 234 240 230  85  59  72  85  78  73  71  70  63 139 239
 155 206 191 196 206  78  63  74  79  78  75  71  70  62 113 218
 169  43  44  39  46  46  65  72  73  76  74  68  67  65  54  71
 161  54  49  69  47  27  49  56  57  49  59  52  53  41  27  45
  93 205 210 209 206  98  41  52  64  58  58  55  57  40  84 204
  95 210 210 209 208  88  46  54  60  61  62  55  52  42  89 213
  77 210 210 212 207  94  41  54  61  59  62  55  52  41  94 214
  88 210 210 208 209  90  46  54  51  50  47  47  52  44  90 214
  88 212 209 206 207 154  90 116  99  93 108  97  84  83 132 163
  88 210 208 206 209 207 205 207 206 210 213 210 211 208 172  24
 103 209 209 209 208 207 208 207 207 207 209 207 208 208 156  30
  97 210 208 208 208 208 208 207 207 207 208 206 208 207 169  27
  95 205 208 208 208 208 209 209 206 208 209 209 208 207 159  22
 104 208 208 209 207 116  69  90  85  75  93  94  89  89 136 141
  91 206 207 208 206  76  46  50  57  51  54  52  46  36  97 210
 100 207 207 207 208  68  48  58  64  59  56  51  48  38 101 211
 108 209 206 207 207  73  43  50  57  55  55  50  49  39 103 213
 127 179 168 183 187  63  46  53  55  56  55  50  50  35  92 203
 141  16  22  19  29  28  45  52  54  57  54  47  47  35  38  62
 152  46  42  65  47  24  37  40  41  38  46  40  43  31  21  42
  86 194 197 198 197  92  32  39  51  45  46  42  48  30  76 192
  83 191 189 188 192  81  39  42  49  49  49  42  42  32  78 191
  63 190 188 188 194  91  31  36  47  48  45  40  44  35  86 194
  75 188 189 190 195  87  37  43  42  41  41  39  45  36  66 194
  78 190 187 190 187 146  86 114 100  90 103  93  82  86 122 155
  81 189 185 191 188 191 191 194 190 192 195 196 192 196 164  17
  90 192 189 187 189 190 191 190 190 189 188 191 189 192 148  24
  82 192 191 189 190 191 191 190 190 190 189 192 190 191 160  21
  82 189 190 190 192 192 195 198 194 193 192 193 197 194 154  20
  94 190 189 187 194 112  64  86  80  70  87  86  84  86 132 134
  81 187 189 189 193  73  34  36  44  39  40  43  39  29  89 191
  91 189 190 190 195  66  35  37  44  46  47  41  41  30  89 189
  95 191 190 189 192  69  33  36  46  44  40  42  40  29  88 191
 114 167 158 172 179  57  37  41  42  43  45  38  40  27  84 191
 134  10  16  14  25  17  36  42  40  43  47  37  41  32  30  53

  61 228 243 241 242 182  46  53  49  44 155 234 239 239 218  71
  63 114 109 117 131 151 187 176 184 179 149 121 133 139 113  54
  66  59  57  65  71  96 231 234 236 229 102  57  62  63  62  65
  77  82  77  71  75  94 238 243 238 229 102  63  68  70  70  67
  71  74  78  78  69 101 239 241 240 230 106  64  67  71  71  68
  76  78  80  81  72 125 241 241 237 233 113  70  75  73  75  74
  75  77  80  88  74 103 235 240 239 236 107  75  82  78  78  76
  81  85  82  84  73 112 230 240 239 234 118  82  86  85  79  73
  78  76  78  72  67 129 234 242 240 234 117  72  74  72  74  72
  69  62  65  66  58 103 236 243 240 234  90  66  67  59  63  65
  43 116 105  99 104 177 240 242 240 235 138  99  94  85  78  46
  59 226 236 235 237 234 240 242 242 239 235 230 233 230 206  46
  79 231 242 241 239 240 241 240 240 240 238 240 240 240 196  39
  53 231 240 238 242 241 239 237 239 240 237 238 239 234 191  44
  63 229 243 241 240 240 236 238 239 241 241 238 237 233 206  43
 181 122 129 113 113 108 111 133 139 124 124 115 132 145 155 169
  45 204 213 214 214 163  24  30  27  22 141 210 211 213 203  62
  27  84  89  94  90 132 172 156 169 159 136  97 101 103  92  38
  41  40  42  41  44  83 208 208 207 207  89  36  38  39  35  35
  53  57  52  52  52  84 211 208 208 208  89  46  48  49  50  47
  52  55  55  55  47  97 210 207 206 209  94  52  51  50  50  47
  59  58  62  62  47 108 213 209 208 209  93  54  56  55  55  54
  49  58  61  59  50  93 210 207 207 208  75  51  59  55  56  57
  57  64  60  61  51  99 206 207 207 206  85  57  64  57  55  54
  56  52  54  54  54 116 207 207 207 209  90  50  58  50  53  52
  49  41  46  41  46  90 205 208 208 209  69  46  48  43  46  45
  27  98  88  94  90 154 207 207 208 208 116  76  68  73  63  28
  47 206 208 207 209 207 209 208 208 208 207 206 208 207 187  29
  69 209 209 212 208 206 206 209 208 208 209 208 207 207 183  19
  49 210 210 210 210 209 208 209 208 208 208 207 207 206 168  22
  54 205 210 210 210 212 210 209 210 205 208 206 207 209 179  16
 161  93  95  77  88  88  88 103  97  95 104  91 100 108 127 141
  42 192 191 194 194 155  17  24  21  20 134 191 189 191 191  53
  21  76  78  86  66 122 164 148 160 154 132  89  89  88  84  30
  31  30  32  35  36  86 196 192 191 194  86  29  30  29  27  32
  43  48  42  44  45  82 192 189 190 197  84  39  41  40  40  41
  40  42  42  40  39  93 196 191 192 193  86  43  41  42  38  37
  46  46  49  45  41 103 195 188 189 192  87  40  47  40  45  47
  38  45  49  48  41  90 192 189 190 193  70  39  46  44  43  43
  41  51  49  47  42 100 190 190 190 194  80  44  44  46  42  40
  40  39  42  36  43 114 194 190 190 198  86  36  37  36  41  42
  37  32  39  31  37  86 191 191 191 195  64  34  35  33  37  36
  24  92  81  91  87 146 191 190 191 192 112  73  66  69  57  17
  47 197 192 194 195 187 188 189 190 192 194 193 195 192 179  25
  65 198 188 188 190 190 191 187 189 190 187 189 190 189 172  14
  42 197 189 188 189 187 185 189 191 190 189 189 190 190 158  16
  46 194 191 190 188 190 189 192 192 189 190 187 189 191 167  10
 152  86  83  63  75  78  81  90  82  82  94  81  91  95 114 134

