 222 140  61  59  59  56  57  60  56  49  79 210 214 218 215 112
 135  61  60  60  57  57  56  57  59  51  45  74  99  86  84 158
  49  55  60  62  59  55  59  60  58  55  52  44  45  40  40 154
  58  55  54  57  60  54  61  60  55  53  57  57  52  51  40 163
  53  56  58  62  58  58  61  58  49  51  55  56  56  55  43 168
  44  33  31  59  47  34  40  44  50  68  58  57  55  51  44 164
 189 188 190 187 183 204 205 204 198 195 158  48  50  55  41 150
 215 214 218 219 219 219 221 219 216 215 158  37  45  56  40 155
 221 222 221 220 220 220 222 222 219 218 184  38  53  49  42 150
 217 217 217 217 215 215 217 216 211 211 176  31  51  48  38 137
 175 182 186 187 175 162 171 179 177 186 128  41  51  52  37 148
  46  26  24  32  28  36  43  36  38  36  37  50  51  54  41 161
  56  55  57  54  54  53  53  53  50  48  52  49  46  50  41 147
  53  52  52  49  49  46  56  47  41  48  53  48  45  46  41 145
  44  45  44  41  44  45  45  43  42  40  44  44  43  47  47 142
 113 142 133 139 134 134 129 145 146 148 121  32  37  46  47 140
 197 110  36  43  40  38  40  42  39  37  69 194 192 192 191  73
 124  48  42  43  41  38  38  39  41  37  37  80  94  78  77 133
  38  41  42  43  42  39  40  40  40  39  32  36  37  40  32 140
  41  39  42  43  42  41  41  40  40  38  37  36  36  39  29 149
  39  39  40  42  39  39  41  41  39  39  37  36  35  37  28 140
  25  20  21  46  33  23  24  22  27  45  31  35  35  36  33 141
 171 172 173 166 159 178 179 181 178 171 131  28  36  36  29 142
 190 189 189 189 190 190 190 189 189 188 140  25  36  37  29 145
 188 189 188 187 187 188 189 189 189 188 160  23  36  39  33 139
 188 188 187 188 187 187 186 186 186 185 156  19  35  37  31 133
 161 167 168 166 156 146 154 161 156 164 109  26  34  36  26 141
  39  18  17  28  26  29  28  17  17  19  20  30  33  35  29 141
  34  33  36  34  35  36  34  35  35  35  34  32  32  35  29 131
  34  34  36  36  36  36  33  33  36  37  34  32  32  34  25 132
  29  31  30  25  28  27  23  24  27  24  23  31  31  36  29 131
  97 127 117 122 116 115 113 130 123 123 103  25  30  35  30 133
 181  97  24  32  30  30  34  34  29  29  64 181 180 172 178  51
 117  41  33  34  32  29  32  30  30  29  35  77  92  70  74 119
  30  32  32  34  30  29  33  31  30  30  30  29  31  30  30 137
  33  29  30  33  31  30  33  32  30  30  32  29  28  28  20 140
  31  32  33  35  30  28  31  33  30  32  30  29  29  28  19 134
  17  14  14  39  27  17  16  17  22  37  25  28  29  27  23 136
 165 164 164 158 151 163 160 162 159 152 119  18  28  27  22 135
 174 172 171 172 172 173 171 170 172 169 131  16  25  27  22 139
 171 172 171 170 170 171 169 168 171 169 144  17  26  28  26 134
 170 170 170 170 169 169 167 168 170 168 143  14  25  27  24 123
 152 159 158 156 149 138 142 151 150 156 100  19  26  26  21 131
  34  14  14  24  22  25  28  14  13  19  20  25  26  26  24 134
  24  23  27  27  27  27  26  27  28  26  23  24  25  26  23 127
  27  27  28  28  28  28  28  25  24  25  25  24  24  25  20 127
  22  23  22  18  21  20  18  19  20  18  19  29  27  25  23 125
  93 122 112 115 109 108 101 113 108 108  89  15  23  24  23 125

 112 158 154 163 168 164 150 155 150 137 148 161 147 145 142 140
 215  84  40  40  43  44  41  40  42  38  37  41  41  41  47  47
 218  86  40  51  55  51  55  56  49  48  52  54  50  46  47  46
 214  99  45  52  56  55  50  45  53  51  51  51  46  45  43  37
 210  74  44  57  56  57  48  37  38  31  41  50  49  48  44  32
  79  45  52  57  55  58 158 158 184 176 128  37  52  53  44 121
  49  51  55  53  51  68 195 215 218 211 186  36  48  48  40 148
  56  59  58  55  49  50 198 216 219 211 177  38  50  41  42 146
  60  57  60  60  58  44 204 219 222 216 179  36  53  47  43 145
  57  56  59  61  61  40 205 221 222 217 171  43  53  56  45 129
  56  57  55  54  58  34 204 219 220 215 162  36  53  46  45 134
  59  57  59  60  58  47 183 219 220 215 175  28  54  49  44 134
  59  60  62  57  62  59 187 219 220 217 187  32  54  49  41 139
  61  60  60  54  58  31 190 218 221 217 186  24  57  52  44 133
 140  61  55  55  56  33 188 214 222 217 182  26  55  52  45 142
 222 135  49  58  53  44 189 215 221 217 175  46  56  53  44 113
  73 133 140 149 140 141 142 145 139 133 141 141 131 132 131 133
 191  77  32  29  28  33  29  29  33  31  26  29  29  25  29  30
 192  78  40  39  37  36  36  37  39  37  36  35  35  34  36  35
 192  94  37  36  35  35  36  36  36  35  34  33  32  32  31  30
 194  80  36  36  36  35  28  25  23  19  26  30  32  32  31  25
  69  37  32  37  37  31 131 140 160 156 109  20  34  34  23 103
  37  37  39  38  39  45 171 188 188 185 164  19  35  37  24 123
  39  41  40  40  39  27 178 189 189 186 156  17  35  36  27 123
  42  39  40  40  41  22 181 189 189 186 161  17  35  33  24 130
  40  38  40  41  41  24 179 190 189 186 154  28  34  33  23 113
  38  38  39  41  39  23 178 190 188 187 146  29  36  36  27 115
  40  41  42  42  39  33 159 190 187 187 156  26  35  36  28 116
  43  43  43  43  42  46 166 189 187 188 166  28  34  36  25 122
  36  42  42  42  40  21 173 189 188 187 168  17  36  36  30 117
 110  48  41  39  39  20 172 189 189 188 167  18  33  34  31 127
 197 124  38  41  39  25 171 190 188 188 161  39  34  34  29  97
  51 119 137 140 134 136 135 139 134 123 131 134 127 127 125 125
 178  74  30  20  19  23  22  22  26  24  21  24  23  20  23  23
 172  70  30  28  28  27  27  27  28  27  26  26  26  25  25  24
 180  92  31  28  29  29  28  25  26  25  26  26  25  24  27  23
 181  77  29  29  29  28  18  16  17  14  19  25  24  24  29  15
  64  35  30  32  30  25 119 131 144 143 100  20  23  25  19  89
  29  29  30  30  32  37 152 169 169 168 156  19  26  25  18 108
  29  30  30  30  30  22 159 172 171 170 150  13  28  24  20 108
  34  30  31  32  33  17 162 170 168 168 151  14  27  25  19 113
  34  32  33  33  31  16 160 171 169 167 142  28  26  28  18 101
  30  29  29  30  28  17 163 173 171 169 138  25  27  28  20 108
  30  32  30  31  30  27 151 172 170 169 149  22  27  28  21 109
  32  34  34  33  35  39 158 172 170 170 156  24  27  28  18 115
  24  33  32  30  33  14 164 171 171 170 158  14  27  28  22 112
  97  41  32  29  32  14 164 172 172 170 159  14  23  27  23 122
 181 117  30  33  31  17 165 174 171 170 152  34  24  27  22  93

 140  47  46  37  32 121 148 146 145 129 134 134 139 133 142 113
 142  47  47  43  44  44  40  42  43  45  45  44  41  44  45  44
 145  41  46  45  48  53  48  41  47  56  46  49  49  52  52  53
 147  41  50  46  49  52  48  50  53  53  53  54  54  57  55  56
 161  41  54  51  50  37  36  38  36  43  36  28  32  24  26  46
 148  37  52  51  41 128 186 177 179 171 162 175 187 186 182 175
 137  38  48  51  31 176 211 211 216 217 215 215 217 217 217 217
 150  42  49  53  38 184 218 219 222 222 220 220 220 221 222 221
 155  40  56  45  37 158 215 216 219 221 219 219 219 218 214 215
 150  41  55  50  48 158 195 198 204 205 204 183 187 190 188 189
 164  44  51  55  57  58  68  50  44  40  34  47  59  31  33  44
 168  43  55  56  56  55  51  49  58  61  58  58  62  58  56  53
 163  40  51  52  57  57  53  55  60  61  54  60  57  54  55  58
 154  40  40  45  44  52  55  58  60  59  55  59  62  60  55  49
 158  84  86  99  74  45  51  59  57  56  57  57  60  60  61 135
 112 215 218 214 210  79  49  56  60  57  56  59  59  61 140 222
 133  30  35  30  25 103 123 123 130 113 115 116 122 117 127  97
 131  29  36  31  31  23  24  27  24  23  27  28  25  30  31  29
 132  25  34  32  32  34  37  36  33  33  36  36  36  36  34  34
 131  29  35  32  32  34  35  35  35  34  36  35  34  36  33  34
 141  29  35  33  30  20  19  17  17  28  29  26  28  17  18  39
 141  26  36  34  26 109 164 156 161 154 146 156 166 168 167 161
 133  31  37  35  19 156 185 186 186 186 187 187 188 187 188 188
 139  33  39  36  23 160 188 189 189 189 188 187 187 188 189 188
 145  29  37  36  25 140 188 189 189 190 190 190 189 189 189 190
 142  29  36  36  28 131 171 178 181 179 178 159 166 173 172 171
 141  33  36  35  35  31  45  27  22  24  23  33  46  21  20  25
 140  28  37  35  36  37  39  39  41  41  39  39  42  40  39  39
 149  29  39  36  36  37  38  40  40  41  41  42  43  42  39  41
 140  32  40  37  36  32  39  40  40  40  39  42  43  42  41  38
 133  77  78  94  80  37  37  41  39  38  38  41  43  42  48 124
  73 191 192 192 194  69  37  39  42  40  38  40  43  36 110 197
 125  23  24  23  15  89 108 108 113 101 108 109 115 112 122  93
 125  23  25  27  29  19  18  20  19  18  20  21  18  22  23  22
 127  20  25  24  24  25  25  24  25  28  28  28  28  28  27  27
 127  23  26  25  24  23  26  28  27  26  27  27  27  27  23  24
 134  24  26  26  25  20  19  13  14  28  25  22  24  14  14  34
 131  21  26  26  19 100 156 150 151 142 138 149 156 158 159 152
 123  24  27  25  14 143 168 170 168 167 169 169 170 170 170 170
 134  26  28  26  17 144 169 171 168 169 171 170 170 171 172 171
 139  22  27  25  16 131 169 172 170 171 173 172 172 171 172 174
 135  22  27  28  18 119 152 159 162 160 163 151 158 164 164 165
 136  23  27  29  28  25  37  22  17  16  17  27  39  14  14  17
 134  19  28  29  29  30  32  30  33  31  28  30  35  33  32  31
 140  20  28  28  29  32  30  30  32  33  30  31  33  30  29  33
 137  30  30  31  29  30  30  30  31  33  29  30  34  32  32  30
 119  74  70  92  77  35  29  30  30  32  29  32  34  33  41 117
  51 178 172 180 181  64  29  29  34  34  30  30  32  24  97 181

 113  44  53  56  46 175 217 221 215 189  44  53  58  49 135 222
 142  45  52  55  26 182 217 222 214 188  33  56  55  55  61 140
 133  44  52  57  24 186 217 221 218 190  31  58  54  60  60  61
 139  41  49  54  32 187 217 220 219 187  59  62  57  62  60  59
 134  44  49  54  28 175 215 220 219 183  47  58  60  59  57  59
 134  45  46  53  36 162 215 220 219 204  34  58  54  55  57  56
 129  45  56  53  43 171 217 222 221 205  40  61  61  59  56  57
 145  43  47  53  36 179 216 222 219 204  44  58  60  60  57  60
 146  42  41  50  38 177 211 219 216 198  50  49  55  58  59  56
 148  40  48  48  36 186 211 218 215 195  68  51  53  55  51  49
 121  44  53  52  37 128 176 184 158 158  58  55  57  52  45  79
  32  44  48  49  50  41  31  38  37  48  57  56  57  44  74 210
  37  43  45  46  51  51  51  53  45  50  55  56  52  45  99 214
  46  47  46  50  54  52  48  49  56  55  51  55  51  40  86 218
  47  47  41  41  41  37  38  42  40  41  44  43  40  40  84 215
 140 142 145 147 161 148 137 150 155 150 164 168 163 154 158 112
  97  29  34  34  39 161 188 188 190 171  25  39  41  38 124 197
 127  31  34  33  18 167 188 189 189 172  20  39  39  41  48 110
 117  30  36  36  17 168 187 188 189 173  21  40  42  42  42  36
 122  25  36  34  28 166 188 187 189 166  46  42  43  43  43  43
 116  28  36  35  26 156 187 187 190 159  33  39  42  42  41  40
 115  27  36  36  29 146 187 188 190 178  23  39  41  39  38  38
 113  23  33  34  28 154 186 189 190 179  24  41  41  40  38  40
 130  24  33  35  17 161 186 189 189 181  22  41  40  40  39  42
 123  27  36  35  17 156 186 189 189 178  27  39  40  40  41  39
 123  24  37  35  19 164 185 188 188 171  45  39  38  39  37  37
 103  23  34  34  20 109 156 160 140 131  31  37  37  32  37  69
  25  31  32  32  30  26  19  23  25  28  35  36  36  36  80 194
  30  31  32  32  33  34  35  36  36  36  35  35  36  37  94 192
  35  36  34  35  35  36  37  39  37  36  36  37  39  40  78 192
  30  29  25  29  29  26  31  33  29  29  33  28  29  32  77 191
 133 131 132 131 141 141 133 139 145 142 141 140 149 140 133  73
  93  22  27  24  34 152 170 171 174 165  17  31  33  30 117 181
 122  23  27  23  14 159 170 172 172 164  14  32  29  32  41  97
 112  22  28  27  14 158 170 171 171 164  14  33  30  32  33  24
 115  18  28  27  24 156 170 170 172 158  39  35  33  34  34  32
 109  21  28  27  22 149 169 170 172 151  27  30  31  30  32  30
 108  20  28  27  25 138 169 171 173 163  17  28  30  29  29  30
 101  18  28  26  28 142 167 169 171 160  16  31  33  33  32  34
 113  19  25  27  14 151 168 168 170 162  17  33  32  31  30  34
 108  20  24  28  13 150 170 171 172 159  22  30  30  30  30  29
 108  18  25  26  19 156 168 169 169 152  37  32  30  30  29  29
  89  19  25  23  20 100 143 144 131 119  25  30  32  30  35  64
  15  29  24  24  25  19  14  17  16  18  28  29  29  29  77 181
  23  27  24  25  26  26  25  26  25  28  29  29  28  31  92 180
  24  25  25  26  26  26  27  28  27  27  27  28  28  30  70 172
  23  23  20  23  24  21  24  26  22  22  23  19  20  30  74 178
 125 125 127 127 134 131 123 134 139 135 136 134 140 137 119  51

