  40 162 203 210 217 221 225 224 212 213 214 222 225 224 225  56
  55  56  55  51  62  71  86  44  40  38  39  49  51  52  73 186
  66  81  64  48  49  54  63  63  58  55  48  55  54  50  39 216
  65  80  66  51  45  51  58  58  55  51  47  52  51  46  31 217
  63  76  57  49  50  53  58  60  48  43  39  42  46  47  40 206
  39 105  99  97  95 102 106 131 118 107  97  86  81  74  83 154
  34 193 219 226 229 227 229 229 228 226 225 223 225 219 212  74
  48 197 233 238 234 236 237 238 238 235 234 236 237 239 230  75
  48 201 228 240 235 238 239 239 239 238 235 232 237 239 231  56
  61 192 233 240 236 239 239 239 239 238 236 234 237 239 232  52
  60 206 238 239 239 239 239 238 238 239 238 237 238 238 230  63
  29 218 232 236 241 239 239 238 237 238 239 240 238 237 228  60
  39 218 242 230 243 241 242 239 236 236 241 240 240 239 229  52
  56 211 239 240 238 237 239 240 238 238 240 241 242 238 229  73
 110 222 239 241 237 236 237 240 241 237 229 216 222 217 211  85
 218 230 237 238 241 241 240 241 241 235 147  41  43  39  67 189
  25 142 188 194 195 200 204 204 198 201 201 204 206 203 205  48
  39  41  43  43  46  53  66  25  25  28  30  37  41  41  59 174
  47  61  48  35  31  33  39  39  35  35  35  41  39  35  22 193
  45  59  47  33  31  35  39  38  37  35  32  37  34  33  23 200
  45  53  41  31  34  37  40  41  31  28  26  29  26  27  23 200
  28  89  93  87  82  88  90 115 102  93  90  85  73  64  71 151
  27 185 205 207 206 205 205 205 204 203 202 203 204 203 195  62
  41 189 207 209 209 207 205 205 206 206 204 208 207 207 197  54
  37 193 208 209 209 207 207 207 207 207 207 209 208 207 209  48
  42 175 208 208 208 208 208 208 208 207 207 209 207 207 209  41
  42 181 207 208 208 208 208 207 207 208 208 208 207 208 209  51
  20 197 209 210 207 208 208 207 207 208 208 208 205 208 207  47
  26 198 206 209 208 208 208 207 208 207 208 208 204 208 208  38
  45 200 208 207 209 208 208 208 207 206 206 209 207 208 204  53
  84 205 209 207 208 208 208 209 207 208 204 201 202 205 194  68
 203 208 211 209 209 207 209 209 208 206 127  28  31  32  56 180
  20 136 181 184 182 185 189 189 188 192 195 192 196 198 198  43
  31  35  41  42  41  46  61  21  22  25  30  30  35  44  59 168
  36  52  41  30  27  29  35  34  29  27  28  33  31  30  17 186
  34  47  37  25  24  28  32  29  26  24  21  29  27  25  20 191
  37  46  33  25  28  29  32  32  23  21  20  23  25  22  18 194
  22  88  86  85  80  83  84 108  96  88  85  80  75  62  69 151
  22 182 197 198 198 195 192 192 192 193 193 193 200 195 188  62
  33 183 193 186 192 193 189 188 189 191 191 190 190 189 184  53
  32 183 191 190 190 191 190 190 190 190 190 191 191 189 194  44
  39 165 191 191 191 191 191 191 191 190 190 191 191 189 195  39
  37 172 191 189 191 191 191 190 190 191 191 190 191 190 193  47
  15 187 193 190 189 191 191 190 189 189 190 191 191 190 190  43
  22 194 193 191 189 190 191 190 189 186 187 188 192 189 195  37
  38 192 191 191 189 191 190 190 189 189 190 186 190 188 192  49
  79 195 189 190 191 191 190 188 188 192 193 191 191 192 187  63
 191 196 188 189 191 191 191 187 186 190 119  25  25  25  52 172

  56 186 216 217 206 154  74  75  56  52  63  60  52  73  85 189
 225  73  39  31  40  83 212 230 231 232 230 228 229 229 211  67
 224  52  50  46  47  74 219 239 239 239 238 237 239 238 217  39
 225  51  54  51  46  81 225 237 237 237 238 238 240 242 222  43
 222  49  55  52  42  86 223 236 232 234 237 240 240 241 216  41
 214  39  48  47  39  97 225 234 235 236 238 239 241 240 229 147
 213  38  55  51  43 107 226 235 238 238 239 238 236 238 237 235
 212  40  58  55  48 118 228 238 239 239 238 237 236 238 241 241
 224  44  63  58  60 131 229 238 239 239 238 238 239 240 240 241
 225  86  63  58  58 106 229 237 239 239 239 239 242 239 237 240
 221  71  54  51  53 102 227 236 238 239 239 239 241 237 236 241
 217  62  49  45  50  95 229 234 235 236 239 241 243 238 237 241
 210  51  48  51  49  97 226 238 240 240 239 236 230 240 241 238
 203  55  64  66  57  99 219 233 228 233 238 232 242 239 239 237
 162  56  81  80  76 105 193 197 201 192 206 218 218 211 222 230
  40  55  66  65  63  39  34  48  48  61  60  29  39  56 110 218
  48 174 193 200 200 151  62  54  48  41  51  47  38  53  68 180
 205  59  22  23  23  71 195 197 209 209 209 207 208 204 194  56
 203  41  35  33  27  64 203 207 207 207 208 208 208 208 205  32
 206  41  39  34  26  73 204 207 208 207 207 205 204 207 202  31
 204  37  41  37  29  85 203 208 209 209 208 208 208 209 201  28
 201  30  35  32  26  90 202 204 207 207 208 208 208 206 204 127
 201  28  35  35  28  93 203 206 207 207 208 208 207 206 208 206
 198  25  35  37  31 102 204 206 207 208 207 207 208 207 207 208
 204  25  39  38  41 115 205 205 207 208 207 207 207 208 209 209
 204  66  39  39  40  90 205 205 207 208 208 208 208 208 208 209
 200  53  33  35  37  88 205 207 207 208 208 208 208 208 208 207
 195  46  31  31  34  82 206 209 209 208 208 207 208 209 208 209
 194  43  35  33  31  87 207 209 209 208 208 210 209 207 207 209
 188  43  48  47  41  93 205 207 208 208 207 209 206 208 209 211
 142  41  61  59  53  89 185 189 193 175 181 197 198 200 205 208
  25  39  47  45  45  28  27  41  37  42  42  20  26  45  84 203
  43 168 186 191 194 151  62  53  44  39  47  43  37  49  63 172
 198  59  17  20  18  69 188 184 194 195 193 190 195 192 187  52
 198  44  30  25  22  62 195 189 189 189 190 190 189 188 192  25
 196  35  31  27  25  75 200 190 191 191 191 191 192 190 191  25
 192  30  33  29  23  80 193 190 191 191 190 191 188 186 191  25
 195  30  28  21  20  85 193 191 190 190 191 190 187 190 193 119
 192  25  27  24  21  88 193 191 190 190 191 189 186 189 192 190
 188  22  29  26  23  96 192 189 190 191 190 189 189 189 188 186
 189  21  34  29  32 108 192 188 190 191 190 190 190 190 188 187
 189  61  35  32  32  84 192 189 190 191 191 191 191 190 190 191
 185  46  29  28  29  83 195 193 191 191 191 191 190 191 191 191
 182  41  27  24  28  80 198 192 190 191 191 189 189 189 191 191
 184  42  30  25  25  85 198 186 190 191 189 190 191 191 190 189
 181  41  41  37  33  86 197 193 191 191 191 193 193 191 189 188
 136  35  52  47  46  88 182 183 183 165 172 187 194 192 195 196
  20  31  36  34  37  22  22  33  32  39  37  15  22  38  79 191

 189  67  39  43  41 147 235 241 241 240 241 241 238 237 230 218
  85 211 217 222 216 229 237 241 240 237 236 237 241 239 222 110
  73 229 238 242 241 240 238 238 240 239 237 238 240 239 211  56
  52 229 239 240 240 241 236 236 239 242 241 243 230 242 218  39
  60 228 237 238 240 239 238 237 238 239 239 241 236 232 218  29
  63 230 238 238 237 238 239 238 238 239 239 239 239 238 206  60
  52 232 239 237 234 236 238 239 239 239 239 236 240 233 192  61
  56 231 239 237 232 235 238 239 239 239 238 235 240 228 201  48
  75 230 239 237 236 234 235 238 238 237 236 234 238 233 197  48
  74 212 219 225 223 225 226 228 229 229 227 229 226 219 193  34
 154  83  74  81  86  97 107 118 131 106 102  95  97  99 105  39
 206  40  47  46  42  39  43  48  60  58  53  50  49  57  76  63
 217  31  46  51  52  47  51  55  58  58  51  45  51  66  80  65
 216  39  50  54  55  48  55  58  63  63  54  49  48  64  81  66
 186  73  52  51  49  39  38  40  44  86  71  62  51  55  56  55
  56 225 224 225 222 214 213 212 224 225 221 217 210 203 162  40
 180  56  32  31  28 127 206 208 209 209 207 209 209 211 208 203
  68 194 205 202 201 204 208 207 209 208 208 208 207 209 205  84
  53 204 208 207 209 206 206 207 208 208 208 209 207 208 200  45
  38 208 208 204 208 208 207 208 207 208 208 208 209 206 198  26
  47 207 208 205 208 208 208 207 207 208 208 207 210 209 197  20
  51 209 208 207 208 208 208 207 207 208 208 208 208 207 181  42
  41 209 207 207 209 207 207 208 208 208 208 208 208 208 175  42
  48 209 207 208 209 207 207 207 207 207 207 209 209 208 193  37
  54 197 207 207 208 204 206 206 205 205 207 209 209 207 189  41
  62 195 203 204 203 202 203 204 205 205 205 206 207 205 185  27
 151  71  64  73  85  90  93 102 115  90  88  82  87  93  89  28
 200  23  27  26  29  26  28  31  41  40  37  34  31  41  53  45
 200  23  33  34  37  32  35  37  38  39  35  31  33  47  59  45
 193  22  35  39  41  35  35  35  39  39  33  31  35  48  61  47
 174  59  41  41  37  30  28  25  25  66  53  46  43  43  41  39
  48 205 203 206 204 201 201 198 204 204 200 195 194 188 142  25
 172  52  25  25  25 119 190 186 187 191 191 191 189 188 196 191
  63 187 192 191 191 193 192 188 188 190 191 191 190 189 195  79
  49 192 188 190 186 190 189 189 190 190 191 189 191 191 192  38
  37 195 189 192 188 187 186 189 190 191 190 189 191 193 194  22
  43 190 190 191 191 190 189 189 190 191 191 189 190 193 187  15
  47 193 190 191 190 191 191 190 190 191 191 191 189 191 172  37
  39 195 189 191 191 190 190 191 191 191 191 191 191 191 165  39
  44 194 189 191 191 190 190 190 190 190 191 190 190 191 183  32
  53 184 189 190 190 191 191 189 188 189 193 192 186 193 183  33
  62 188 195 200 193 193 193 192 192 192 195 198 198 197 182  22
 151  69  62  75  80  85  88  96 108  84  83  80  85  86  88  22
 194  18  22  25  23  20  21  23  32  32  29  28  25  33  46  37
 191  20  25  27  29  21  24  26  29  32  28  24  25  37  47  34
 186  17  30  31  33  28  27  29  34  35  29  27  30  41  52  36
 168  59  44  35  30  30  25  22  21  61  46  41  42  41  35  31
  43 198 198 196 192 195 192 188 189 189 185 182 184 181 136  20

 218 110  56  39  29  60  61  48  48  34  39  63  65  66  55  40
 230 222 211 218 218 206 192 201 197 193 105  76  80  81  56 162
 237 239 239 242 232 238 233 228 233 219  99  57  66  64  55 203
 238 241 240 230 236 239 240 240 238 226  97  49  51  48  51 210
 241 237 238 243 241 239 236 235 234 229  95  50  45  49  62 217
 241 236 237 241 239 239 239 238 236 227 102  53  51  54  71 221
 240 237 239 242 239 239 239 239 237 229 106  58  58  63  86 225
 241 240 240 239 238 238 239 239 238 229 131  60  58  63  44 224
 241 241 238 236 237 238 239 239 238 228 118  48  55  58  40 212
 235 237 238 236 238 239 238 238 235 226 107  43  51  55  38 213
 147 229 240 241 239 238 236 235 234 225  97  39  47  48  39 214
  41 216 241 240 240 237 234 232 236 223  86  42  52  55  49 222
  43 222 242 240 238 238 237 237 237 225  81  46  51  54  51 225
  39 217 238 239 237 238 239 239 239 219  74  47  46  50  52 224
  67 211 229 229 228 230 232 231 230 212  83  40  31  39  73 225
 189  85  73  52  60  63  52  56  75  74 154 206 217 216 186  56
 203  84  45  26  20  42  42  37  41  27  28  45  45  47  39  25
 208 205 200 198 197 181 175 193 189 185  89  53  59  61  41 142
 211 209 208 206 209 207 208 208 207 205  93  41  47  48  43 188
 209 207 207 209 210 208 208 209 209 207  87  31  33  35  43 194
 209 208 209 208 207 208 208 209 209 206  82  34  31  31  46 195
 207 208 208 208 208 208 208 207 207 205  88  37  35  33  53 200
 209 208 208 208 208 208 208 207 205 205  90  40  39  39  66 204
 209 209 208 207 207 207 208 207 205 205 115  41  38  39  25 204
 208 207 207 208 207 207 208 207 206 204 102  31  37  35  25 198
 206 208 206 207 208 208 207 207 206 203  93  28  35  35  28 201
 127 204 206 208 208 208 207 207 204 202  90  26  32  35  30 201
  28 201 209 208 208 208 209 209 208 203  85  29  37  41  37 204
  31 202 207 204 205 207 207 208 207 204  73  26  34  39  41 206
  32 205 208 208 208 208 207 207 207 203  64  27  33  35  41 203
  56 194 204 208 207 209 209 209 197 195  71  23  23  22  59 205
 180  68  53  38  47  51  41  48  54  62 151 200 200 193 174  48
 191  79  38  22  15  37  39  32  33  22  22  37  34  36  31  20
 196 195 192 194 187 172 165 183 183 182  88  46  47  52  35 136
 188 189 191 193 193 191 191 191 193 197  86  33  37  41  41 181
 189 190 191 191 190 189 191 190 186 198  85  25  25  30  42 184
 191 191 189 189 189 191 191 190 192 198  80  28  24  27  41 182
 191 191 191 190 191 191 191 191 193 195  83  29  28  29  46 185
 191 190 190 191 191 191 191 190 189 192  84  32  32  35  61 189
 187 188 190 190 190 190 191 190 188 192 108  32  29  34  21 189
 186 188 189 189 189 190 191 190 189 192  96  23  26  29  22 188
 190 192 189 186 189 191 190 190 191 193  88  21  24  27  25 192
 119 193 190 187 190 191 190 190 191 193  85  20  21  28  30 195
  25 191 186 188 191 190 191 191 190 193  80  23  29  33  30 192
  25 191 190 192 191 191 191 191 190 200  75  25  27  31  35 196
  25 192 188 189 190 190 189 189 189 195  62  22  25  30  44 198
  52 187 192 195 190 193 195 194 184 188  69  18  20  17  59 198
 172  63  49  37  43  47  39  44  53  62 151 194 191 186 168  43

