  42  45  46  55  49  54  63  62  57  53  48  56  52  54  40 196
 166 160 151 148 143 175 174 170 165 163 100  43  56  57  49 175
 230 229 227 227 228 229 229 223 226 217 143  54  53  49  59 184
 232 231 231 230 230 229 231 232 229 224 131  51  54  50  72 193
 236 235 233 231 230 229 229 233 230 227 117  56  50  49  43 201
 232 227 218 216 215 216 216 216 215 209 113  47  42  35  56 200
 228 103  32  34  31  38  41  37  33  42 130 206 207 204 204  76
 226  91  63  70  66  70  75  71  66  61 143 213 223 225 215  53
 226  79  59  68  67  70  69  68  67  57 138 221 228 232 217  39
 227  85  55  66  64  66  68  64  64  50 123 216 219 225 221  70
 162  61  57  66  66  71  69  66  64  51 107 178 183 182 181 119
  44  47  58  65  63  73  73  70  67  53  41  42  37  39  60 190
  57  55  61  63  59  67  75  74  72  62  55  57  57  60  50 195
  55  57  62  66  62  66  71  71  76  61  56  55  56  58  41 200
  47  48  55  69  63  65  70  65  70  56  50  54  55  59  49 204
 161 158 158 161 155 158 152 150 150 150  76  54  57  60  40 208
  22  24  24  32  28  32  40  38  33  32  28  36  37  36  31 188
 146 141 137 136 127 158 161 159 157 153  88  29  37  37  37 168
 203 202 202 201 201 200 200 201 198 197 112  30  35  37  48 175
 204 204 204 203 203 203 203 203 202 198 111  34  35  37  55 180
 204 202 202 201 201 201 201 200 200 197 107  36  38  37  22 183
 202 199 197 197 197 196 197 196 197 193 107  32  29  26  36 182
 202  81  23  27  26  27  29  28  29  26 122 194 194 193 190  60
 204  66  40  48  46  51  53  48  50  38 133 197 197 196 196  45
 205  53  36  47  47  51  51  45  47  34 127 197 196 199 199  32
 199  75  39  49  46  49  49  45  46  32 105 197 198 197 194  57
 155  41  39  48  47  51  49  47  45  31  88 158 162 165 161  95
  34  27  38  47  45  52  50  47  45  35  25  26  23  25  42 178
  39  38  41  45  42  48  52  47  45  38  34  35  36  37  27 181
  38  39  41  45  41  46  50  47  51  41  39  37  36  35  18 184
  29  29  32  42  37  41  49  45  45  35  31  34  33  35  23 187
 142 138 135 137 130 133 131 130 129 128  56  31  34  36  19 189
  14  16  16  23  19  23  31  29  24  23  19  27  28  28  28 185
 141 135 130 129 120 153 161 158 155 152  87  29  27  27  31 164
 188 187 186 186 186 186 186 185 184 182 108  20  28  29  41 169
 184 183 183 182 182 182 180 180 181 181 107  24  28  28  48 174
 183 183 183 184 185 185 183 182 183 183 102  29  28  28  15 180
 183 183 182 185 189 190 188 186 186 187 106  26  20  19  31 178
 184  71  17  23  24  30  24  25  23  25 124 188 186 186 183  54
 187  57  32  37  34  40  41  38  37  28 127 182 182 180 183  37
 189  44  29  35  34  39  38  36  36  25 121 185 180 176 184  28
 191  70  33  32  29  41  40  34  34  19  92 183 176 174 180  43
 144  36  33  32  31  41  37  34  34  23  82 154 152 147 148  80
  26  20  30  35  32  39  36  35  36  27  19  23  18  18  39 171
  30  28  31  34  32  37  40  36  36  29  26  29  28  28  23 172
  28  29  32  36  33  38  38  34  38  28  27  25  27  26  13 174
  17  17  19  28  21  24  34  30  33  22  18  23  25  28  17 177
 138 136 131 131 122 125 122 123 122 122  50  28  30  28  14 179

 196 175 184 193 201 200  76  53  39  70 119 190 195 200 204 208
  40  49  59  72  43  56 204 215 217 221 181  60  50  41  49  40
  54  57  49  50  49  35 204 225 232 225 182  39  60  58  59  60
  52  56  53  54  50  42 207 223 228 219 183  37  57  56  55  57
  56  43  54  51  56  47 206 213 221 216 178  42  57  55  54  54
  48 100 143 131 117 113 130 143 138 123 107  41  55  56  50  76
  53 163 217 224 227 209  42  61  57  50  51  53  62  61  56 150
  57 165 226 229 230 215  33  66  67  64  64  67  72  76  70 150
  62 170 223 232 233 216  37  71  68  64  66  70  74  71  65 150
  63 174 229 231 229 216  41  75  69  68  69  73  75  71  70 152
  54 175 229 229 229 216  38  70  70  66  71  73  67  66  65 158
  49 143 228 230 230 215  31  66  67  64  66  63  59  62  63 155
  55 148 227 230 231 216  34  70  68  66  66  65  63  66  69 161
  46 151 227 231 233 218  32  63  59  55  57  58  61  62  55 158
  45 160 229 231 235 227 103  91  79  85  61  47  55  57  48 158
  42 166 230 232 236 232 228 226 226 227 162  44  57  55  47 161
 188 168 175 180 183 182  60  45  32  57  95 178 181 184 187 189
  31  37  48  55  22  36 190 196 199 194 161  42  27  18  23  19
  36  37  37  37  37  26 193 196 199 197 165  25  37  35  35  36
  37  37  35  35  38  29 194 197 196 198 162  23  36  36  33  34
  36  29  30  34  36  32 194 197 197 197 158  26  35  37  34  31
  28  88 112 111 107 107 122 133 127 105  88  25  34  39  31  56
  32 153 197 198 197 193  26  38  34  32  31  35  38  41  35 128
  33 157 198 202 200 197  29  50  47  46  45  45  45  51  45 129
  38 159 201 203 200 196  28  48  45  45  47  47  47  47  45 130
  40 161 200 203 201 197  29  53  51  49  49  50  52  50  49 131
  32 158 200 203 201 196  27  51  51  49  51  52  48  46  41 133
  28 127 201 203 201 197  26  46  47  46  47  45  42  41  37 130
  32 136 201 203 201 197  27  48  47  49  48  47  45  45  42 137
  24 137 202 204 202 197  23  40  36  39  39  38  41  41  32 135
  24 141 202 204 202 199  81  66  53  75  41  27  38  39  29 138
  22 146 203 204 204 202 202 204 205 199 155  34  39  38  29 142
 185 164 169 174 180 178  54  37  28  43  80 171 172 174 177 179
  28  31  41  48  15  31 183 183 184 180 148  39  23  13  17  14
  28  27  29  28  28  19 186 180 176 174 147  18  28  26  28  28
  28  27  28  28  28  20 186 182 180 176 152  18  28  27  25  30
  27  29  20  24  29  26 188 182 185 183 154  23  29  25  23  28
  19  87 108 107 102 106 124 127 121  92  82  19  26  27  18  50
  23 152 182 181 183 187  25  28  25  19  23  27  29  28  22 122
  24 155 184 181 183 186  23  37  36  34  34  36  36  38  33 122
  29 158 185 180 182 186  25  38  36  34  34  35  36  34  30 123
  31 161 186 180 183 188  24  41  38  40  37  36  40  38  34 122
  23 153 186 182 185 190  30  40  39  41  41  39  37  38  24 125
  19 120 186 182 185 189  24  34  34  29  31  32  32  33  21 122
  23 129 186 182 184 185  23  37  35  32  32  35  34  36  28 131
  16 130 186 183 183 182  17  32  29  33  33  30  31  32  19 131
  16 135 187 183 183 183  71  57  44  70  36  20  28  29  17 136
  14 141 188 184 183 183 184 187 189 191 144  26  30  28  17 138

 208  40  60  57  54  76 150 150 150 152 158 155 161 158 158 161
 204  49  59  55  54  50  56  70  65  70  65  63  69  55  48  47
 200  41  58  56  55  56  61  76  71  71  66  62  66  62  57  55
 195  50  60  57  57  55  62  72  74  75  67  59  63  61  55  57
 190  60  39  37  42  41  53  67  70  73  73  63  65  58  47  44
 119 181 182 183 178 107  51  64  66  69  71  66  66  57  61 162
  70 221 225 219 216 123  50  64  64  68  66  64  66  55  85 227
  39 217 232 228 221 138  57  67  68  69  70  67  68  59  79 226
  53 215 225 223 213 143  61  66  71  75  70  66  70  63  91 226
  76 204 204 207 206 130  42  33  37  41  38  31  34  32 103 228
 200  56  35  42  47 113 209 215 216 216 216 215 216 218 227 232
 201  43  49  50  56 117 227 230 233 229 229 230 231 233 235 236
 193  72  50  54  51 131 224 229 232 231 229 230 230 231 231 232
 184  59  49  53  54 143 217 226 223 229 229 228 227 227 229 230
 175  49  57  56  43 100 163 165 170 174 175 143 148 151 160 166
 196  40  54  52  56  48  53  57  62  63  54  49  55  46  45  42
 189  19  36  34  31  56 128 129 130 131 133 130 137 135 138 142
 187  23  35  33  34  31  35  45  45  49  41  37  42  32  29  29
 184  18  35  36  37  39  41  51  47  50  46  41  45  41  39  38
 181  27  37  36  35  34  38  45  47  52  48  42  45  41  38  39
 178  42  25  23  26  25  35  45  47  50  52  45  47  38  27  34
  95 161 165 162 158  88  31  45  47  49  51  47  48  39  41 155
  57 194 197 198 197 105  32  46  45  49  49  46  49  39  75 199
  32 199 199 196 197 127  34  47  45  51  51  47  47  36  53 205
  45 196 196 197 197 133  38  50  48  53  51  46  48  40  66 204
  60 190 193 194 194 122  26  29  28  29  27  26  27  23  81 202
 182  36  26  29  32 107 193 197 196 197 196 197 197 197 199 202
 183  22  37  38  36 107 197 200 200 201 201 201 201 202 202 204
 180  55  37  35  34 111 198 202 203 203 203 203 203 204 204 204
 175  48  37  35  30 112 197 198 201 200 200 201 201 202 202 203
 168  37  37  37  29  88 153 157 159 161 158 127 136 137 141 146
 188  31  36  37  36  28  32  33  38  40  32  28  32  24  24  22
 179  14  28  30  28  50 122 122 123 122 125 122 131 131 136 138
 177  17  28  25  23  18  22  33  30  34  24  21  28  19  17  17
 174  13  26  27  25  27  28  38  34  38  38  33  36  32  29  28
 172  23  28  28  29  26  29  36  36  40  37  32  34  31  28  30
 171  39  18  18  23  19  27  36  35  36  39  32  35  30  20  26
  80 148 147 152 154  82  23  34  34  37  41  31  32  33  36 144
  43 180 174 176 183  92  19  34  34  40  41  29  32  33  70 191
  28 184 176 180 185 121  25  36  36  38  39  34  35  29  44 189
  37 183 180 182 182 127  28  37  38  41  40  34  37  32  57 187
  54 183 186 186 188 124  25  23  25  24  30  24  23  17  71 184
 178  31  19  20  26 106 187 186 186 188 190 189 185 182 183 183
 180  15  28  28  29 102 183 183 182 183 185 185 184 183 183 183
 174  48  28  28  24 107 181 181 180 180 182 182 182 183 183 184
 169  41  29  28  20 108 182 184 185 186 186 186 186 186 187 188
 164  31  27  27  29  87 152 155 158 161 153 120 129 130 135 141
 185  28  28  28  27  19  23  24  29  31  23  19  23  16  16  14

 161  47  55  57  44 162 227 226 226 228 232 236 232 230 166  42
 158  48  57  55  47  61  85  79  91 103 227 235 231 229 160  45
 158  55  62  61  58  57  55  59  63  32 218 233 231 227 151  46
 161  69  66  63  65  66  66  68  70  34 216 231 230 227 148  55
 155  63  62  59  63  66  64  67  66  31 215 230 230 228 143  49
 158  65  66  67  73  71  66  70  70  38 216 229 229 229 175  54
 152  70  71  75  73  69  68  69  75  41 216 229 231 229 174  63
 150  65  71  74  70  66  64  68  71  37 216 233 232 223 170  62
 150  70  76  72  67  64  64  67  66  33 215 230 229 226 165  57
 150  56  61  62  53  51  50  57  61  42 209 227 224 217 163  53
  76  50  56  55  41 107 123 138 143 130 113 117 131 143 100  48
  54  54  55  57  42 178 216 221 213 206  47  56  51  54  43  56
  57  55  56  57  37 183 219 228 223 207  42  50  54  53  56  52
  60  59  58  60  39 182 225 232 225 204  35  49  50  49  57  54
  40  49  41  50  60 181 221 217 215 204  56  43  72  59  49  40
 208 204 200 195 190 119  70  39  53  76 200 201 193 184 175 196
 142  29  38  39  34 155 199 205 204 202 202 204 204 203 146  22
 138  29  39  38  27  41  75  53  66  81 199 202 204 202 141  24
 135  32  41  41  38  39  39  36  40  23 197 202 204 202 137  24
 137  42  45  45  47  48  49  47  48  27 197 201 203 201 136  32
 130  37  41  42  45  47  46  47  46  26 197 201 203 201 127  28
 133  41  46  48  52  51  49  51  51  27 196 201 203 200 158  32
 131  49  50  52  50  49  49  51  53  29 197 201 203 200 161  40
 130  45  47  47  47  47  45  45  48  28 196 200 203 201 159  38
 129  45  51  45  45  45  46  47  50  29 197 200 202 198 157  33
 128  35  41  38  35  31  32  34  38  26 193 197 198 197 153  32
  56  31  39  34  25  88 105 127 133 122 107 107 111 112  88  28
  31  34  37  35  26 158 197 197 197 194  32  36  34  30  29  36
  34  33  36  36  23 162 198 196 197 194  29  38  35  35  37  37
  36  35  35  37  25 165 197 199 196 193  26  37  37  37  37  36
  19  23  18  27  42 161 194 199 196 190  36  22  55  48  37  31
 189 187 184 181 178  95  57  32  45  60 182 183 180 175 168 188
 138  17  28  30  26 144 191 189 187 184 183 183 184 188 141  14
 136  17  29  28  20  36  70  44  57  71 183 183 183 187 135  16
 131  19  32  31  30  33  33  29  32  17 182 183 183 186 130  16
 131  28  36  34  35  32  32  35  37  23 185 184 182 186 129  23
 122  21  33  32  32  31  29  34  34  24 189 185 182 186 120  19
 125  24  38  37  39  41  41  39  40  30 190 185 182 186 153  23
 122  34  38  40  36  37  40  38  41  24 188 183 180 186 161  31
 123  30  34  36  35  34  34  36  38  25 186 182 180 185 158  29
 122  33  38  36  36  34  34  36  37  23 186 183 181 184 155  24
 122  22  28  29  27  23  19  25  28  25 187 183 181 182 152  23
  50  18  27  26  19  82  92 121 127 124 106 102 107 108  87  19
  28  23  25  29  23 154 183 185 182 188  26  29  24  20  29  27
  30  25  27  28  18 152 176 180 182 186  20  28  28  28  27  28
  28  28  26  28  18 147 174 176 180 186  19  28  28  29  27  28
  14  17  13  23  39 148 180 184 183 183  31  15  48  41  31  28
 179 177 174 172 171  80  43  28  37  54 178 180 174 169 164 185

