  45 123 231 241 240 240 241 241 241 241 242 238 239 241 238 166
  49 120 230 242 240 241 242 242 241 241 242 238 239 240 239 166
  52 118 230 239 240 240 241 241 241 240 243 241 238 242 243 160
  47 115 232 243 239 241 242 242 242 238 242 241 241 241 232 177
  51 121 235 236 236 240 238 238 237 239 236 234 241 242 237 173
  51 119 217 221 229 214 223 225 219 224 212 223 227 209 221 174
  64  56  51  59  51  60  51  48  61  44  47  48  44  60  39 121
  66  60  62  60  62  63  66  63  60  62  60  60  57  53  59 116
  64  61  59  67  67  66  59  61  63  63  62  60  55  56  54 108
  60  58  55  60  59  58  56  58  66  58  62  57  43  66  53 114
  56  53 117 116 112 118 123 119 106 114 116 131 136 118 127 154
  53 108 232 231 228 233 232 232 236 233 233 237 236 233 236 185
  54 110 235 241 235 237 243 243 243 242 235 234 239 240 241 183
  46 113 230 244 243 241 242 241 242 240 243 244 241 239 240 195
  45 115 238 241 240 242 242 242 241 237 239 238 236 240 235 187
 179 206 238 240 241 239 241 243 243 238 227 121  78  76  85 129
  32 114 208 211 210 210 211 211 211 210 211 213 211 211 210 134
  31 107 209 212 210 211 212 211 211 211 210 211 212 210 210 141
  35 106 208 209 210 210 211 211 211 210 211 211 211 210 209 142
  31 105 208 210 210 210 210 210 212 211 211 211 210 211 214 147
  34 102 206 209 212 210 209 212 211 210 210 209 208 210 210 147
  33  98 197 202 205 193 202 203 199 205 192 204 209 193 201 148
  39  36  39  48  39  48  39  38  49  30  38  43  35  48  26 107
  39  41  44  44  44  44  46  46  42  41  41  41  41  39  40 104
  38  42  41  43  44  47  46  45  43  43  42  40  40  43  39 102
  40  38  38  44  37  41  40  37  39  37  39  38  33  43  36 103
  37  41  99  94  87 100  97  95 102 105  97 103 105  99 116 134
  36  97 209 209 209 210 211 208 210 210 210 212 212 210 211 155
  35  98 211 210 211 209 209 210 209 209 210 212 211 210 211 156
  33 103 208 209 211 209 210 211 210 209 209 209 210 209 211 164
  25 104 213 211 210 211 209 210 210 209 210 212 210 210 208 162
 162 189 213 211 211 209 210 211 211 211 204 100  68  68  72 116
  26 111 198 190 192 192 193 193 193 192 193 192 190 192 194 119
  24 104 202 187 192 193 194 193 193 193 192 191 191 191 193 127
  28 102 199 190 191 192 193 193 193 192 194 192 192 192 192 133
  26 103 199 193 192 192 192 191 192 190 193 193 195 191 191 128
  28  99 199 193 191 192 191 193 193 192 191 191 193 194 192 135
  27  95 193 193 199 185 193 195 188 194 183 189 193 182 191 141
  32  31  37  47  39  47  37  34  44  25  34  42  33  49  22 105
  30  31  36  36  37  36  36  36  34  36  35  34  31  32  34  99
  31  34  33  36  37  39  36  38  36  35  33  31  30  30  32  99
  32  31  31  37  31  35  33  31  34  30  32  31  23  35  24  95
  29  34  93  87  81  92  92  90  93  97  90  97 101  97 106 129
  27  96 202 195 195 197 196 195 196 196 194 196 195 196 196 145
  29  95 201 193 191 191 191 192 191 191 192 192 193 194 193 143
  27  96 198 193 190 191 192 192 190 189 192 193 192 193 195 147
  20  97 197 193 192 193 192 192 192 191 193 195 194 197 196 149
 154 179 196 193 193 191 193 193 193 193 188  90  63  67  69 110

 166 166 160 177 173 174 121 116 108 114 154 185 183 195 187 129
 238 239 243 232 237 221  39  59  54  53 127 236 241 240 235  85
 241 240 242 241 242 209  60  53  56  66 118 233 240 239 240  76
 239 239 238 241 241 227  44  57  55  43 136 236 239 241 236  78
 238 238 241 241 234 223  48  60  60  57 131 237 234 244 238 121
 242 242 243 242 236 212  47  60  62  62 116 233 235 243 239 227
 241 241 240 238 239 224  44  62  63  58 114 233 242 240 237 238
 241 241 241 242 237 219  61  60  63  66 106 236 243 242 241 243
 241 242 241 242 238 225  48  63  61  58 119 232 243 241 242 243
 241 242 241 242 238 223  51  66  59  56 123 232 243 242 242 241
 240 241 240 241 240 214  60  63  66  58 118 233 237 241 242 239
 240 240 240 239 236 229  51  62  67  59 112 228 235 243 240 241
 241 242 239 243 236 221  59  60  67  60 116 231 241 244 241 240
 231 230 230 232 235 217  51  62  59  55 117 232 235 230 238 238
 123 120 118 115 121 119  56  60  61  58  53 108 110 113 115 206
  45  49  52  47  51  51  64  66  64  60  56  53  54  46  45 179
 134 141 142 147 147 148 107 104 102 103 134 155 156 164 162 116
 210 210 209 214 210 201  26  40  39  36 116 211 211 211 208  72
 211 210 210 211 210 193  48  39  43  43  99 210 210 209 210  68
 211 212 211 210 208 209  35  41  40  33 105 212 211 210 210  68
 213 211 211 211 209 204  43  41  40  38 103 212 212 209 212 100
 211 210 211 211 210 192  38  41  42  39  97 210 210 209 210 204
 210 211 210 211 210 205  30  41  43  37 105 210 209 209 209 211
 211 211 211 212 211 199  49  42  43  39 102 210 209 210 210 211
 211 211 211 210 212 203  38  46  45  37  95 208 210 211 210 211
 211 212 211 210 209 202  39  46  46  40  97 211 209 210 209 210
 210 211 210 210 210 193  48  44  47  41 100 210 209 209 211 209
 210 210 210 210 212 205  39  44  44  37  87 209 211 211 210 211
 211 212 209 210 209 202  48  44  43  44  94 209 210 209 211 211
 208 209 208 208 206 197  39  44  41  38  99 209 211 208 213 213
 114 107 106 105 102  98  36  41  42  38  41  97  98 103 104 189
  32  31  35  31  34  33  39  39  38  40  37  36  35  33  25 162
 119 127 133 128 135 141 105  99  99  95 129 145 143 147 149 110
 194 193 192 191 192 191  22  34  32  24 106 196 193 195 196  69
 192 191 192 191 194 182  49  32  30  35  97 196 194 193 197  67
 190 191 192 195 193 193  33  31  30  23 101 195 193 192 194  63
 192 191 192 193 191 189  42  34  31  31  97 196 192 193 195  90
 193 192 194 193 191 183  34  35  33  32  90 194 192 192 193 188
 192 193 192 190 192 194  25  36  35  30  97 196 191 189 191 193
 193 193 193 192 193 188  44  34  36  34  93 196 191 190 192 193
 193 193 193 191 193 195  34  36  38  31  90 195 192 192 192 193
 193 194 193 192 191 193  37  36  36  33  92 196 191 192 192 193
 192 193 192 192 192 185  47  36  39  35  92 197 191 191 193 191
 192 192 191 192 191 199  39  37  37  31  81 195 191 190 192 193
 190 187 190 193 193 193  47  36  36  37  87 195 193 193 193 193
 198 202 199 199 199 193  37  36  33  31  93 202 201 198 197 196
 111 104 102 103  99  95  31  31  34  31  34  96  95  96  97 179
  26  24  28  26  28  27  32  30  31  32  29  27  29  27  20 154

 129  85  76  78 121 227 238 243 243 241 239 241 240 238 206 179
 187 235 240 236 238 239 237 241 242 242 242 240 241 238 115  45
 195 240 239 241 244 243 240 242 241 242 241 243 244 230 113  46
 183 241 240 239 234 235 242 243 243 243 237 235 241 235 110  54
 185 236 233 236 237 233 233 236 232 232 233 228 231 232 108  53
 154 127 118 136 131 116 114 106 119 123 118 112 116 117  53  56
 114  53  66  43  57  62  58  66  58  56  58  59  60  55  58  60
 108  54  56  55  60  62  63  63  61  59  66  67  67  59  61  64
 116  59  53  57  60  60  62  60  63  66  63  62  60  62  60  66
 121  39  60  44  48  47  44  61  48  51  60  51  59  51  56  64
 174 221 209 227 223 212 224 219 225 223 214 229 221 217 119  51
 173 237 242 241 234 236 239 237 238 238 240 236 236 235 121  51
 177 232 241 241 241 242 238 242 242 242 241 239 243 232 115  47
 160 243 242 238 241 243 240 241 241 241 240 240 239 230 118  52
 166 239 240 239 238 242 241 241 242 242 241 240 242 230 120  49
 166 238 241 239 238 242 241 241 241 241 240 240 241 231 123  45
 116  72  68  68 100 204 211 211 211 210 209 211 211 213 189 162
 162 208 210 210 212 210 209 210 210 209 211 210 211 213 104  25
 164 211 209 210 209 209 209 210 211 210 209 211 209 208 103  33
 156 211 210 211 212 210 209 209 210 209 209 211 210 211  98  35
 155 211 210 212 212 210 210 210 208 211 210 209 209 209  97  36
 134 116  99 105 103  97 105 102  95  97 100  87  94  99  41  37
 103  36  43  33  38  39  37  39  37  40  41  37  44  38  38  40
 102  39  43  40  40  42  43  43  45  46  47  44  43  41  42  38
 104  40  39  41  41  41  41  42  46  46  44  44  44  44  41  39
 107  26  48  35  43  38  30  49  38  39  48  39  48  39  36  39
 148 201 193 209 204 192 205 199 203 202 193 205 202 197  98  33
 147 210 210 208 209 210 210 211 212 209 210 212 209 206 102  34
 147 214 211 210 211 211 211 212 210 210 210 210 210 208 105  31
 142 209 210 211 211 211 210 211 211 211 210 210 209 208 106  35
 141 210 210 212 211 210 211 211 211 212 211 210 212 209 107  31
 134 210 211 211 213 211 210 211 211 211 210 210 211 208 114  32
 110  69  67  63  90 188 193 193 193 193 191 193 193 196 179 154
 149 196 197 194 195 193 191 192 192 192 193 192 193 197  97  20
 147 195 193 192 193 192 189 190 192 192 191 190 193 198  96  27
 143 193 194 193 192 192 191 191 192 191 191 191 193 201  95  29
 145 196 196 195 196 194 196 196 195 196 197 195 195 202  96  27
 129 106  97 101  97  90  97  93  90  92  92  81  87  93  34  29
  95  24  35  23  31  32  30  34  31  33  35  31  37  31  31  32
  99  32  30  30  31  33  35  36  38  36  39  37  36  33  34  31
  99  34  32  31  34  35  36  34  36  36  36  37  36  36  31  30
 105  22  49  33  42  34  25  44  34  37  47  39  47  37  31  32
 141 191 182 193 189 183 194 188 195 193 185 199 193 193  95  27
 135 192 194 193 191 191 192 193 193 191 192 191 193 199  99  28
 128 191 191 195 193 193 190 192 191 192 192 192 193 199 103  26
 133 192 192 192 192 194 192 193 193 193 192 191 190 199 102  28
 127 193 191 191 191 192 193 193 193 194 193 192 187 202 104  24
 119 194 192 190 192 193 192 193 193 193 192 192 190 198 111  26

 179  45  46  54  53  56  60  64  66  64  51  51  47  52  49  45
 206 115 113 110 108  53  58  61  60  56 119 121 115 118 120 123
 238 238 230 235 232 117  55  59  62  51 217 235 232 230 230 231
 240 241 244 241 231 116  60  67  60  59 221 236 243 239 242 241
 241 240 243 235 228 112  59  67  62  51 229 236 239 240 240 240
 239 242 241 237 233 118  58  66  63  60 214 240 241 240 241 240
 241 242 242 243 232 123  56  59  66  51 223 238 242 241 242 241
 243 242 241 243 232 119  58  61  63  48 225 238 242 241 242 241
 243 241 242 243 236 106  66  63  60  61 219 237 242 241 241 241
 238 237 240 242 233 114  58  63  62  44 224 239 238 240 241 241
 227 239 243 235 233 116  62  62  60  47 212 236 242 243 242 242
 121 238 244 234 237 131  57  60  60  48 223 234 241 241 238 238
  78 236 241 239 236 136  43  55  57  44 227 241 241 238 239 239
  76 240 239 240 233 118  66  56  53  60 209 242 241 242 240 241
  85 235 240 241 236 127  53  54  59  39 221 237 232 243 239 238
 129 187 195 183 185 154 114 108 116 121 174 173 177 160 166 166
 162  25  33  35  36  37  40  38  39  39  33  34  31  35  31  32
 189 104 103  98  97  41  38  42  41  36  98 102 105 106 107 114
 213 213 208 211 209  99  38  41  44  39 197 206 208 208 209 208
 211 211 209 210 209  94  44  43  44  48 202 209 210 209 212 211
 211 210 211 211 209  87  37  44  44  39 205 212 210 210 210 210
 209 211 209 209 210 100  41  47  44  48 193 210 210 210 211 210
 210 209 210 209 211  97  40  46  46  39 202 209 210 211 212 211
 211 210 211 210 208  95  37  45  46  38 203 212 210 211 211 211
 211 210 210 209 210 102  39  43  42  49 199 211 212 211 211 211
 211 209 209 209 210 105  37  43  41  30 205 210 211 210 211 210
 204 210 209 210 210  97  39  42  41  38 192 210 211 211 210 211
 100 212 209 212 212 103  38  40  41  43 204 209 211 211 211 213
  68 210 210 211 212 105  33  40  41  35 209 208 210 211 212 211
  68 210 209 210 210  99  43  43  39  48 193 210 211 210 210 211
  72 208 211 211 211 116  36  39  40  26 201 210 214 209 210 210
 116 162 164 156 155 134 103 102 104 107 148 147 147 142 141 134
 154  20  27  29  27  29  32  31  30  32  27  28  26  28  24  26
 179  97  96  95  96  34  31  34  31  31  95  99 103 102 104 111
 196 197 198 201 202  93  31  33  36  37 193 199 199 199 202 198
 193 193 193 193 195  87  37  36  36  47 193 193 193 190 187 190
 193 192 190 191 195  81  31  37  37  39 199 191 192 191 192 192
 191 193 191 191 197  92  35  39  36  47 185 192 192 192 193 192
 193 192 192 191 196  92  33  36  36  37 193 191 192 193 194 193
 193 192 192 192 195  90  31  38  36  34 195 193 191 193 193 193
 193 192 190 191 196  93  34  36  34  44 188 193 192 193 193 193
 193 191 189 191 196  97  30  35  36  25 194 192 190 192 193 192
 188 193 192 192 194  90  32  33  35  34 183 191 193 194 192 193
  90 195 193 192 196  97  31  31  34  42 189 191 193 192 191 192
  63 194 192 193 195 101  23  30  31  33 193 193 195 192 191 190
  67 197 193 194 196  97  35  30  32  49 182 194 191 192 191 192
  69 196 195 193 196 106  24  32  34  22 191 192 191 192 193 194
 110 149 147 143 145 129  95  99  99 105 141 135 128 133 127 119

