  41  36  38  43  39  44  49  45  38  37  36  52  57  54  47 154
 203 197 195 196 193 194 196 197 195 196 150  42  60  54  53 154
 239 236 233 231 230 231 232 230 233 231 202  47  58  57  52 169
 239 241 239 239 239 241 240 239 241 239 197  41  59  57  51 156
 237 242 239 240 241 240 240 240 241 241 201  46  61  60  51 162
 205 228 236 240 242 241 241 240 241 244 218 122 104  94  98 161
  26 168 237 240 241 241 241 240 241 242 235 231 227 228 230 137
  56 159 231 240 240 239 240 241 239 233 237 242 241 238 234 139
  53 157 234 241 241 241 240 240 239 240 240 240 240 240 238 115
  45 168 236 241 241 241 240 239 240 240 241 242 241 240 238 110
  48 154 235 241 241 241 240 239 239 240 240 241 240 240 240 115
  42 159 237 240 240 240 240 239 239 240 241 242 243 240 238 117
  49 171 234 240 240 239 239 239 239 237 239 242 243 239 235 129
  47 192 231 239 241 241 241 239 240 242 241 241 242 242 242 115
  49 192 239 240 242 242 241 240 241 243 242 235 232 229 227 111
 182 231 239 240 242 242 242 240 240 237 199  91  77  73  83 167
  27  23  22  27  23  27  32  29  23  21  22  32  37  35  34 131
 187 183 179 179 177 178 180 181 180 181 139  22  39  36  35 117
 207 208 208 207 206 207 208 206 208 207 186  25  36  38  31 136
 208 209 209 208 210 211 210 209 209 207 180  21  36  38  31 136
 207 209 208 209 211 210 210 210 210 209 179  26  41  38  30 144
 183 205 210 210 212 211 211 210 208 209 186  95  83  81  78 147
  18 149 210 210 211 211 211 210 209 210 212 212 208 207 208 105
  33 142 208 210 210 208 210 211 211 211 210 210 210 209 209 102
  28 146 209 211 211 211 210 210 209 210 210 210 210 210 209  92
  25 156 210 211 211 211 210 209 210 210 211 211 211 210 210  89
  32 143 209 211 211 211 209 208 209 210 210 211 210 210 210  96
  32 148 209 210 210 209 209 208 209 210 210 211 212 210 211  93
  33 155 208 210 210 209 209 208 209 208 208 209 210 210 210 102
  26 166 211 210 211 211 211 208 210 209 209 209 209 210 211  91
  28 162 210 210 212 212 211 210 211 211 212 210 209 206 205  88
 163 205 208 209 211 212 212 209 210 211 173  72  69  70  73 152
  19  17  19  24  20  23  28  24  21  18  15  24  28  26  23 129
 179 177 176 176 174 175 177 178 179 178 131  15  30  27  21 111
 196 196 195 194 193 194 195 193 194 194 175  17  29  30  23 133
 192 192 192 191 192 193 192 191 188 190 168  16  30  27  23 133
 190 191 190 192 193 192 192 192 192 191 165  16  31  30  22 139
 174 191 192 192 194 193 193 192 191 194 175  88  79  79  77 149
  19 142 196 192 193 193 193 192 189 190 193 196 198 201 202  93
  24 130 192 192 192 191 192 193 192 189 191 192 192 191 193  88
  24 140 192 193 193 193 192 192 191 192 192 192 192 192 195  91
  20 150 193 193 193 193 192 191 192 192 193 193 193 192 194  86
  26 138 196 193 193 193 192 191 191 192 192 193 192 192 192  90
  24 144 195 192 192 192 192 191 191 192 191 190 192 192 195  87
  27 152 193 192 192 191 191 191 191 193 190 189 191 192 194  90
  19 154 192 192 193 193 193 191 192 193 193 192 192 191 192  79
  23 146 194 193 194 194 193 192 193 191 194 195 198 195 192  81
 158 194 195 193 193 194 194 192 192 192 158  69  65  66  70 151

 154 154 169 156 162 161 137 139 115 110 115 117 129 115 111 167
  47  53  52  51  51  98 230 234 238 238 240 238 235 242 227  83
  54  54  57  57  60  94 228 238 240 240 240 240 239 242 229  73
  57  60  58  59  61 104 227 241 240 241 240 243 243 242 232  77
  52  42  47  41  46 122 231 242 240 242 241 242 242 241 235  91
  36 150 202 197 201 218 235 237 240 241 240 241 239 241 242 199
  37 196 231 239 241 244 242 233 240 240 240 240 237 242 243 237
  38 195 233 241 241 241 241 239 239 240 239 239 239 240 241 240
  45 197 230 239 240 240 240 241 240 239 239 239 239 239 240 240
  49 196 232 240 240 241 241 240 240 240 240 240 239 241 241 242
  44 194 231 241 240 241 241 239 241 241 241 240 239 241 242 242
  39 193 230 239 241 242 241 240 241 241 241 240 240 241 242 242
  43 196 231 239 240 240 240 240 241 241 241 240 240 239 240 240
  38 195 233 239 239 236 237 231 234 236 235 237 234 231 239 239
  36 197 236 241 242 228 168 159 157 168 154 159 171 192 192 231
  41 203 239 239 237 205  26  56  53  45  48  42  49  47  49 182
 131 117 136 136 144 147 105 102  92  89  96  93 102  91  88 152
  34  35  31  31  30  78 208 209 209 210 210 211 210 211 205  73
  35  36  38  38  38  81 207 209 210 210 210 210 210 210 206  70
  37  39  36  36  41  83 208 210 210 211 210 212 210 209 209  69
  32  22  25  21  26  95 212 210 210 211 211 211 209 209 210  72
  22 139 186 180 179 186 212 210 210 211 210 210 208 209 212 173
  21 181 207 207 209 209 210 211 210 210 210 210 208 209 211 211
  23 180 208 209 210 208 209 211 209 210 209 209 209 210 211 210
  29 181 206 209 210 210 210 211 210 209 208 208 208 208 210 209
  32 180 208 210 210 211 211 210 210 210 209 209 209 211 211 212
  27 178 207 211 210 211 211 208 211 211 211 209 209 211 212 212
  23 177 206 210 211 212 211 210 211 211 211 210 210 211 212 211
  27 179 207 208 209 210 210 210 211 211 211 210 210 210 210 209
  22 179 208 209 208 210 210 208 209 210 209 209 208 211 210 208
  23 183 208 209 209 205 149 142 146 156 143 148 155 166 162 205
  27 187 207 208 207 183  18  33  28  25  32  32  33  26  28 163
 129 111 133 133 139 149  93  88  91  86  90  87  90  79  81 151
  23  21  23  23  22  77 202 193 195 194 192 195 194 192 192  70
  26  27  30  27  30  79 201 191 192 192 192 192 192 191 195  66
  28  30  29  30  31  79 198 192 192 193 192 192 191 192 198  65
  24  15  17  16  16  88 196 192 192 193 193 190 189 192 195  69
  15 131 175 168 165 175 193 191 192 193 192 191 190 193 194 158
  18 178 194 190 191 194 190 189 192 192 192 192 193 193 191 192
  21 179 194 188 192 191 189 192 191 192 191 191 191 192 193 192
  24 178 193 191 192 192 192 193 192 191 191 191 191 191 192 192
  28 177 195 192 192 193 193 192 192 192 192 192 191 193 193 194
  23 175 194 193 192 193 193 191 193 193 193 192 191 193 194 194
  20 174 193 192 193 194 193 192 193 193 193 192 192 193 194 193
  24 176 194 191 192 192 192 192 193 193 193 192 192 192 193 193
  19 176 195 192 190 192 196 192 192 193 196 195 193 192 194 195
  17 177 196 192 191 191 142 130 140 150 138 144 152 154 146 194
  19 179 196 192 190 174  19  24  24  20  26  24  27  19  23 158

 167  83  73  77  91 199 237 240 240 242 242 242 240 239 231 182
 111 227 229 232 235 242 243 241 240 241 242 242 240 239 192  49
 115 242 242 242 241 241 242 240 239 241 241 241 239 231 192  47
 129 235 239 243 242 239 237 239 239 239 239 240 240 234 171  49
 117 238 240 243 242 241 240 239 239 240 240 240 240 237 159  42
 115 240 240 240 241 240 240 239 239 240 241 241 241 235 154  48
 110 238 240 241 242 241 240 240 239 240 241 241 241 236 168  45
 115 238 240 240 240 240 240 239 240 240 241 241 241 234 157  53
 139 234 238 241 242 237 233 239 241 240 239 240 240 231 159  56
 137 230 228 227 231 235 242 241 240 241 241 241 240 237 168  26
 161  98  94 104 122 218 244 241 240 241 241 242 240 236 228 205
 162  51  60  61  46 201 241 241 240 240 240 241 240 239 242 237
 156  51  57  59  41 197 239 241 239 240 241 239 239 239 241 239
 169  52  57  58  47 202 231 233 230 232 231 230 231 233 236 239
 154  53  54  60  42 150 196 195 197 196 194 193 196 195 197 203
 154  47  54  57  52  36  37  38  45  49  44  39  43  38  36  41
 152  73  70  69  72 173 211 210 209 212 212 211 209 208 205 163
  88 205 206 209 210 212 211 211 210 211 212 212 210 210 162  28
  91 211 210 209 209 209 209 210 208 211 211 211 210 211 166  26
 102 210 210 210 209 208 208 209 208 209 209 210 210 208 155  33
  93 211 210 212 211 210 210 209 208 209 209 210 210 209 148  32
  96 210 210 210 211 210 210 209 208 209 211 211 211 209 143  32
  89 210 210 211 211 211 210 210 209 210 211 211 211 210 156  25
  92 209 210 210 210 210 210 209 210 210 211 211 211 209 146  28
 102 209 209 210 210 210 211 211 211 210 208 210 210 208 142  33
 105 208 207 208 212 212 210 209 210 211 211 211 210 210 149  18
 147  78  81  83  95 186 209 208 210 211 211 212 210 210 205 183
 144  30  38  41  26 179 209 210 210 210 210 211 209 208 209 207
 136  31  38  36  21 180 207 209 209 210 211 210 208 209 209 208
 136  31  38  36  25 186 207 208 206 208 207 206 207 208 208 207
 117  35  36  39  22 139 181 180 181 180 178 177 179 179 183 187
 131  34  35  37  32  22  21  23  29  32  27  23  27  22  23  27
 151  70  66  65  69 158 192 192 192 194 194 193 193 195 194 158
  81 192 195 198 195 194 191 193 192 193 194 194 193 194 146  23
  79 192 191 192 192 193 193 192 191 193 193 193 192 192 154  19
  90 194 192 191 189 190 193 191 191 191 191 192 192 193 152  27
  87 195 192 192 190 191 192 191 191 192 192 192 192 195 144  24
  90 192 192 192 193 192 192 191 191 192 193 193 193 196 138  26
  86 194 192 193 193 193 192 192 191 192 193 193 193 193 150  20
  91 195 192 192 192 192 192 191 192 192 193 193 193 192 140  24
  88 193 191 192 192 191 189 192 193 192 191 192 192 192 130  24
  93 202 201 198 196 193 190 189 192 193 193 193 192 196 142  19
 149  77  79  79  88 175 194 191 192 193 193 194 192 192 191 174
 139  22  30  31  16 165 191 192 192 192 192 193 192 190 191 190
 133  23  27  30  16 168 190 188 191 192 193 192 191 192 192 192
 133  23  30  29  17 175 194 194 193 195 194 193 194 195 196 196
 111  21  27  30  15 131 178 179 178 177 175 174 176 176 177 179
 129  23  26  28  24  15  18  21  24  28  23  20  24  19  17  19

 182  49  47  49  42  48  45  53  56  26 205 237 239 239 203  41
 231 192 192 171 159 154 168 157 159 168 228 242 241 236 197  36
 239 239 231 234 237 235 236 234 231 237 236 239 239 233 195  38
 240 240 239 240 240 241 241 241 240 240 240 240 239 231 196  43
 242 242 241 240 240 241 241 241 240 241 242 241 239 230 193  39
 242 242 241 239 240 241 241 241 239 241 241 240 241 231 194  44
 242 241 241 239 240 240 240 240 240 241 241 240 240 232 196  49
 240 240 239 239 239 239 239 240 241 240 240 240 239 230 197  45
 240 241 240 239 239 239 240 239 239 241 241 241 241 233 195  38
 237 243 242 237 240 240 240 240 233 242 244 241 239 231 196  37
 199 242 241 239 241 240 241 240 237 235 218 201 197 202 150  36
  91 235 241 242 242 241 242 240 242 231 122  46  41  47  42  52
  77 232 242 243 243 240 241 240 241 227 104  61  59  58  60  57
  73 229 242 239 240 240 240 240 238 228  94  60  57  57  54  54
  83 227 242 235 238 240 238 238 234 230  98  51  51  52  53  47
 167 111 115 129 117 115 110 115 139 137 161 162 156 169 154 154
 163  28  26  33  32  32  25  28  33  18 183 207 208 207 187  27
 205 162 166 155 148 143 156 146 142 149 205 209 209 208 183  23
 208 210 211 208 209 209 210 209 208 210 210 208 209 208 179  22
 209 210 210 210 210 211 211 211 210 210 210 209 208 207 179  27
 211 212 211 210 210 211 211 211 210 211 212 211 210 206 177  23
 212 212 211 209 209 211 211 211 208 211 211 210 211 207 178  27
 212 211 211 209 209 209 210 210 210 211 211 210 210 208 180  32
 209 210 208 208 208 208 209 210 211 210 210 210 209 206 181  29
 210 211 210 209 209 209 210 209 211 209 208 210 209 208 180  23
 211 211 209 208 210 210 210 210 211 210 209 209 207 207 181  21
 173 212 209 208 210 210 211 210 210 212 186 179 180 186 139  22
  72 210 209 209 211 211 211 210 210 212  95  26  21  25  22  32
  69 209 209 210 212 210 211 210 210 208  83  41  36  36  39  37
  70 206 210 210 210 210 210 210 209 207  81  38  38  38  36  35
  73 205 211 210 211 210 210 209 209 208  78  30  31  31  35  34
 152  88  91 102  93  96  89  92 102 105 147 144 136 136 117 131
 158  23  19  27  24  26  20  24  24  19 174 190 192 196 179  19
 194 146 154 152 144 138 150 140 130 142 191 191 192 196 177  17
 195 194 192 193 195 196 193 192 192 196 192 190 192 195 176  19
 193 193 192 192 192 193 193 193 192 192 192 192 191 194 176  24
 193 194 193 192 192 193 193 193 192 193 194 193 192 193 174  20
 194 194 193 191 192 193 193 193 191 193 193 192 193 194 175  23
 194 193 193 191 192 192 192 192 192 193 193 192 192 195 177  28
 192 192 191 191 191 191 191 192 193 192 192 192 191 193 178  24
 192 193 192 191 191 191 192 191 192 189 191 192 188 194 179  21
 192 191 193 193 192 192 192 192 189 190 194 191 190 194 178  18
 158 194 193 190 191 192 193 192 191 193 175 165 168 175 131  15
  69 195 192 189 190 193 193 192 192 196  88  16  16  17  15  24
  65 198 192 191 192 192 193 192 192 198  79  31  30  29  30  28
  66 195 191 192 192 192 192 192 191 201  79  30  27  30  27  26
  70 192 192 194 195 192 194 195 193 202  77  22  23  23  21  23
 151  81  79  90  87  90  86  91  88  93 149 139 133 133 111 129

