  71  76  71  48  44  53  56  60  53  50  37  64  61  51  49 184
 225 123  72  53  44  51  56  60  52  48  93 222 232 224 222  90
 233 133  78  56  46  48  52  51  49  45 104 234 241 236 236  80
 234 135  80  52  46  48  48  51  50  51 109 225 237 232 229 109
 235 151  75  56  46  46  53  57  52  44 111 224 233 231 231 104
 230 189 141 131 126 123 143 159 145 132 155 137 144 145 141 134
 239 234 236 231 237 236 233 229 234 231 165  41  43  32  38 186
 236 237 239 239 240 241 240 234 238 237 155  45  56  44  35 196
 238 236 238 239 238 240 239 238 239 235 162  43  53  45  35 196
 228 237 238 238 237 240 240 238 236 234 178  53  49  48  37 172
  78 201 240 242 241 236 236 237 237 235 227 215 201 183 193 110
  53 193 239 237 236 237 236 237 238 236 234 234 228 228 228  95
  53 183 236 236 236 241 237 236 236 234 236 235 238 237 229  89
  60 188 231 241 237 235 240 237 234 233 235 234 238 237 232  81
  87 199 233 240 238 237 239 235 236 235 230 221 221 199 192 119
 229 233 237 238 238 239 239 235 240 237 176  45  50  52  49 170
  45  52  49  31  32  36  38  41  35  33  22  38  33  27  26 160
 203 104  48  35  33  35  40  43  38  30  90 204 207 204 203  77
 206 109  51  36  33  37  43  39  39  30 100 205 207 205 206  61
 206 106  51  36  35  35  38  38  40  34 100 206 206 208 207  73
 207 116  44  36  33  34  35  37  37  31  91 204 206 207 207  53
 209 166 112 108 102  99 114 126 114 103 130 128 135 138 133 113
 209 209 207 208 208 209 208 204 206 204 148  28  28  25  25 168
 209 209 208 208 208 208 207 208 207 203 135  30  37  34  21 174
 209 208 208 208 207 207 208 207 207 206 143  33  37  33  23 181
 206 209 208 207 206 207 208 207 207 206 149  21  22  23  19 157
  69 180 207 207 206 207 208 206 206 205 197 184 176 168 175  96
  33 172 206 206 205 207 208 206 207 205 204 204 204 208 205  72
  36 162 204 207 207 207 206 205 206 204 205 204 203 204 201  76
  35 171 206 208 206 206 206 205 204 203 205 203 206 204 203  61
  60 177 206 208 207 207 207 204 204 204 204 197 199 180 176  99
 203 205 206 207 207 207 207 205 205 205 150  25  33  38  36 159
  36  41  39  23  26  30  31  34  28  27  17  33  26  21  17 155
 197  98  43  29  25  30  32  33  28  25  87 197 194 193 191  71
 193  96  40  25  23  31  35  28  28  24  96 193 186 188 191  56
 191  94  42  28  27  29  30  27  28  28  97 187 186 185 188  64
 191  97  35  29  29  24  28  28  27  23  86 189 189 189 191  44
 191 148 101  99  97  89 101 113  99  89 121 123 129 134 128 109
 190 191 191 192 194 193 187 189 190 186 140  24  24  22  21 160
 191 191 191 191 191 191 190 190 189 188 128  26  29  25  16 166
 190 190 191 191 190 190 190 190 190 189 133  28  29  24  18 173
 194 191 191 190 188 189 189 190 188 187 136  15  15  18  17 154
  64 171 191 188 189 189 190 189 189 187 179 166 167 160 168  90
  27 164 191 187 187 189 190 189 189 187 186 186 187 187 189  64
  31 156 190 188 189 190 189 187 188 186 187 186 188 186 190  71
  31 171 192 185 188 189 187 187 186 185 187 185 189 189 192  55
  52 170 191 189 189 190 188 186 186 186 188 187 186 168 163  83
 194 195 190 190 190 190 190 187 188 186 135  22  30  30  32 149

 184  90  80 109 104 134 186 196 196 172 110  95  89  81 119 170
  49 222 236 229 231 141  38  35  35  37 193 228 229 232 192  49
  51 224 236 232 231 145  32  44  45  48 183 228 237 237 199  52
  61 232 241 237 233 144  43  56  53  49 201 228 238 238 221  50
  64 222 234 225 224 137  41  45  43  53 215 234 235 234 221  45
  37  93 104 109 111 155 165 155 162 178 227 234 236 235 230 176
  50  48  45  51  44 132 231 237 235 234 235 236 234 233 235 237
  53  52  49  50  52 145 234 238 239 236 237 238 236 234 236 240
  60  60  51  51  57 159 229 234 238 238 237 237 236 237 235 235
  56  56  52  48  53 143 233 240 239 240 236 236 237 240 239 239
  53  51  48  48  46 123 236 241 240 240 236 237 241 235 237 239
  44  44  46  46  46 126 237 240 238 237 241 236 236 237 238 238
  48  53  56  52  56 131 231 239 239 238 242 237 236 241 240 238
  71  72  78  80  75 141 236 239 238 238 240 239 236 231 233 237
  76 123 133 135 151 189 234 237 236 237 201 193 183 188 199 233
  71 225 233 234 235 230 239 236 238 228  78  53  53  60  87 229
 160  77  61  73  53 113 168 174 181 157  96  72  76  61  99 159
  26 203 206 207 207 133  25  21  23  19 175 205 201 203 176  36
  27 204 205 208 207 138  25  34  33  23 168 208 204 204 180  38
  33 207 207 206 206 135  28  37  37  22 176 204 203 206 199  33
  38 204 205 206 204 128  28  30  33  21 184 204 204 203 197  25
  22  90 100 100  91 130 148 135 143 149 197 204 205 205 204 150
  33  30  30  34  31 103 204 203 206 206 205 205 204 203 204 205
  35  38  39  40  37 114 206 207 207 207 206 207 206 204 204 205
  41  43  39  38  37 126 204 208 207 207 206 206 205 205 204 205
  38  40  43  38  35 114 208 207 208 208 208 208 206 206 207 207
  36  35  37  35  34  99 209 208 207 207 207 207 207 206 207 207
  32  33  33  35  33 102 208 208 207 206 206 205 207 206 207 207
  31  35  36  36  36 108 208 208 208 207 207 206 207 208 208 207
  49  48  51  51  44 112 207 208 208 208 207 206 204 206 206 206
  52 104 109 106 116 166 209 209 208 209 180 172 162 171 177 205
  45 203 206 206 207 209 209 209 209 206  69  33  36  35  60 203
 155  71  56  64  44 109 160 166 173 154  90  64  71  55  83 149
  17 191 191 188 191 128  21  16  18  17 168 189 190 192 163  32
  21 193 188 185 189 134  22  25  24  18 160 187 186 189 168  30
  26 194 186 186 189 129  24  29  29  15 167 187 188 189 186  30
  33 197 193 187 189 123  24  26  28  15 166 186 186 185 187  22
  17  87  96  97  86 121 140 128 133 136 179 186 187 187 188 135
  27  25  24  28  23  89 186 188 189 187 187 187 186 185 186 186
  28  28  28  28  27  99 190 189 190 188 189 189 188 186 186 188
  34  33  28  27  28 113 189 190 190 190 189 189 187 187 186 187
  31  32  35  30  28 101 187 190 190 189 190 190 189 187 188 190
  30  30  31  29  24  89 193 191 190 189 189 189 190 189 190 190
  26  25  23  27  29  97 194 191 190 188 189 187 189 188 189 190
  23  29  25  28  29  99 192 191 191 190 188 187 188 185 189 190
  39  43  40  42  35 101 191 191 191 191 191 191 190 192 191 190
  41  98  96  94  97 148 191 191 190 191 171 164 156 171 170 195
  36 197 193 191 191 191 190 191 190 194  64  27  31  31  52 194

 170  49  52  50  45 176 237 240 235 239 239 238 238 237 233 229
 119 192 199 221 221 230 235 236 235 239 237 238 240 233 199  87
  81 232 237 238 234 235 233 234 237 240 235 237 241 231 188  60
  89 229 237 238 235 236 234 236 236 237 241 236 236 236 183  53
  95 228 228 228 234 234 236 238 237 236 237 236 237 239 193  53
 110 193 183 201 215 227 235 237 237 236 236 241 242 240 201  78
 172  37  48  49  53 178 234 236 238 240 240 237 238 238 237 228
 196  35  45  53  43 162 235 239 238 239 240 238 239 238 236 238
 196  35  44  56  45 155 237 238 234 240 241 240 239 239 237 236
 186  38  32  43  41 165 231 234 229 233 236 237 231 236 234 239
 134 141 145 144 137 155 132 145 159 143 123 126 131 141 189 230
 104 231 231 233 224 111  44  52  57  53  46  46  56  75 151 235
 109 229 232 237 225 109  51  50  51  48  48  46  52  80 135 234
  80 236 236 241 234 104  45  49  51  52  48  46  56  78 133 233
  90 222 224 232 222  93  48  52  60  56  51  44  53  72 123 225
 184  49  51  61  64  37  50  53  60  56  53  44  48  71  76  71
 159  36  38  33  25 150 205 205 205 207 207 207 207 206 205 203
  99 176 180 199 197 204 204 204 204 207 207 207 208 206 177  60
  61 203 204 206 203 205 203 204 205 206 206 206 208 206 171  35
  76 201 204 203 204 205 204 206 205 206 207 207 207 204 162  36
  72 205 208 204 204 204 205 207 206 208 207 205 206 206 172  33
  96 175 168 176 184 197 205 206 206 208 207 206 207 207 180  69
 157  19  23  22  21 149 206 207 207 208 207 206 207 208 209 206
 181  23  33  37  33 143 206 207 207 208 207 207 208 208 208 209
 174  21  34  37  30 135 203 207 208 207 208 208 208 208 209 209
 168  25  25  28  28 148 204 206 204 208 209 208 208 207 209 209
 113 133 138 135 128 130 103 114 126 114  99 102 108 112 166 209
  53 207 207 206 204  91  31  37  37  35  34  33  36  44 116 207
  73 207 208 206 206 100  34  40  38  38  35  35  36  51 106 206
  61 206 205 207 205 100  30  39  39  43  37  33  36  51 109 206
  77 203 204 207 204  90  30  38  43  40  35  33  35  48 104 203
 160  26  27  33  38  22  33  35  41  38  36  32  31  49  52  45
 149  32  30  30  22 135 186 188 187 190 190 190 190 190 195 194
  83 163 168 186 187 188 186 186 186 188 190 189 189 191 170  52
  55 192 189 189 185 187 185 186 187 187 189 188 185 192 171  31
  71 190 186 188 186 187 186 188 187 189 190 189 188 190 156  31
  64 189 187 187 186 186 187 189 189 190 189 187 187 191 164  27
  90 168 160 167 166 179 187 189 189 190 189 189 188 191 171  64
 154  17  18  15  15 136 187 188 190 189 189 188 190 191 191 194
 173  18  24  29  28 133 189 190 190 190 190 190 191 191 190 190
 166  16  25  29  26 128 188 189 190 190 191 191 191 191 191 191
 160  21  22  24  24 140 186 190 189 187 193 194 192 191 191 190
 109 128 134 129 123 121  89  99 113 101  89  97  99 101 148 191
  44 191 189 189 189  86  23  27  28  28  24  29  29  35  97 191
  64 188 185 186 187  97  28  28  27  30  29  27  28  42  94 191
  56 191 188 186 193  96  24  28  28  35  31  23  25  40  96 193
  71 191 193 194 197  87  25  28  33  32  30  25  29  43  98 197
 155  17  21  26  33  17  27  28  34  31  30  26  23  39  41  36

 229  87  60  53  53  78 228 238 236 239 230 235 234 233 225  71
 233 199 188 183 193 201 237 236 237 234 189 151 135 133 123  76
 237 233 231 236 239 240 238 238 239 236 141  75  80  78  72  71
 238 240 241 236 237 242 238 239 239 231 131  56  52  56  53  48
 238 238 237 236 236 241 237 238 240 237 126  46  46  46  44  44
 239 237 235 241 237 236 240 240 241 236 123  46  48  48  51  53
 239 239 240 237 236 236 240 239 240 233 143  53  48  52  56  56
 235 235 237 236 237 237 238 238 234 229 159  57  51  51  60  60
 240 236 234 236 238 237 236 239 238 234 145  52  50  49  52  53
 237 235 233 234 236 235 234 235 237 231 132  44  51  45  48  50
 176 230 235 236 234 227 178 162 155 165 155 111 109 104  93  37
  45 221 234 235 234 215  53  43  45  41 137 224 225 234 222  64
  50 221 238 238 228 201  49  53  56  43 144 233 237 241 232  61
  52 199 237 237 228 183  48  45  44  32 145 231 232 236 224  51
  49 192 232 229 228 193  37  35  35  38 141 231 229 236 222  49
 170 119  81  89  95 110 172 196 196 186 134 104 109  80  90 184
 203  60  35  36  33  69 206 209 209 209 209 207 206 206 203  45
 205 177 171 162 172 180 209 208 209 209 166 116 106 109 104  52
 206 206 206 204 206 207 208 208 208 207 112  44  51  51  48  49
 207 208 208 207 206 207 207 208 208 208 108  36  36  36  35  31
 207 207 206 207 205 206 206 207 208 208 102  33  35  33  33  32
 207 207 206 207 207 207 207 207 208 209  99  34  35  37  35  36
 207 207 206 206 208 208 208 208 207 208 114  35  38  43  40  38
 205 204 205 205 206 206 207 207 208 204 126  37  38  39  43  41
 205 204 204 206 207 206 207 207 207 206 114  37  40  39  38  35
 205 204 203 204 205 205 206 206 203 204 103  31  34  30  30  33
 150 204 205 205 204 197 149 143 135 148 130  91 100 100  90  22
  25 197 203 204 204 184  21  33  30  28 128 204 206 205 204  38
  33 199 206 203 204 176  22  37  37  28 135 206 206 207 207  33
  38 180 204 204 208 168  23  33  34  25 138 207 208 205 204  27
  36 176 203 201 205 175  19  23  21  25 133 207 207 206 203  26
 159  99  61  76  72  96 157 181 174 168 113  53  73  61  77 160
 194  52  31  31  27  64 194 190 191 190 191 191 191 193 197  36
 195 170 171 156 164 171 191 190 191 191 148  97  94  96  98  41
 190 191 192 190 191 191 191 191 191 191 101  35  42  40  43  39
 190 189 185 188 187 188 190 191 191 192  99  29  28  25  29  23
 190 189 188 189 187 189 188 190 191 194  97  29  27  23  25  26
 190 190 189 190 189 189 189 190 191 193  89  24  29  31  30  30
 190 188 187 189 190 190 189 190 190 187 101  28  30  35  32  31
 187 186 187 187 189 189 190 190 190 189 113  28  27  28  33  34
 188 186 186 188 189 189 188 190 189 190  99  27  28  28  28  28
 186 186 185 186 187 187 187 189 188 186  89  23  28  24  25  27
 135 188 187 187 186 179 136 133 128 140 121  86  97  96  87  17
  22 187 185 186 186 166  15  28  26  24 123 189 187 193 197  33
  30 186 189 188 187 167  15  29  29  24 129 189 186 186 194  26
  30 168 189 186 187 160  18  24  25  22 134 189 185 188 193  21
  32 163 192 190 189 168  17  18  16  21 128 191 188 191 191  17
 149  83  55  71  64  90 154 173 166 160 109  44  64  56  71 155

