 226 111  49  56  53  53  58  57  56  54 117 221 225 225 225  66
  94 173 170 151 158 168 168 175 174 179 201 226 226 224 228  81
  45 177 222 225 227 227 224 222 223 224 225 224 224 223 226  96
  41 177 221 224 227 227 224 221 226 225 226 225 225 225 222  78
  42 145 220 222 225 226 223 220 223 223 223 224 223 223 214  70
  46 154 217 218 220 218 218 219 214 200 205 225 222 224 220  68
 202 116  41  58  59  65  51  44  46  42 128 219 221 225 219  66
 220 117  53  65  63  68  68  65  67  50  98 215 222 219 221  67
 224 125  51  62  59  66  69  66  64  69 100 210 223 218 217  60
 222 121  62  60  58  64  68  70  72  69 111 216 224 218 215  70
 188 130  84  78  59  59  79  96  95  89 154 215 220 217 215  75
  37 132 207 211 211 212 209 210 210 211 214 215 218 218 214  62
  47 138 214 219 221 220 220 220 219 218 219 221 219 219 212  69
  48 128 215 222 222 221 221 220 220 220 221 221 220 220 212  74
  49 151 211 215 216 216 213 213 211 210 211 213 212 210 202  77
  49  84 121 125 109 107 111 107 114 115  94  91  90  90  77 150
 196  93  29  28  29  34  40  32  32  30 101 195 198 195 197  49
  87 148 144 148 141 140 145 164 159 154 178 196 197 194 197  55
  30 135 193 196 194 196 195 195 194 195 196 195 195 193 193  69
  30 150 193 195 194 196 195 195 194 193 194 193 193 192 192  54
  29 129 192 193 193 194 194 194 192 192 192 192 192 192 191  49
  25 133 193 194 195 194 194 196 194 182 182 192 193 191 189  56
 188 107  34  48  49  55  41  34  36  34 117 190 191 191 187  53
 191  93  31  42  41  46  46  44  44  29  90 188 191 191 190  49
 194 103  29  40  37  45  49  46  40  35  94 187 190 192 191  44
 191  93  36  39  38  45  48  46  43  32  99 190 192 192 191  54
 172 110  60  59  44  44  59  70  68  68 135 191 187 188 187  60
  19 128 188 189 189 190 188 188 187 189 189 190 189 189 187  49
  25 136 188 189 191 190 190 190 189 188 189 190 188 188 186  59
  26 117 188 190 190 189 189 188 188 188 189 189 188 188 185  58
  26 125 188 187 189 188 187 186 187 186 187 188 186 186 181  54
  27  69 110 113  96  95  99  95 103 104  84  79  81  83  75 135
 184  87  24  22  18  21  27  22  25  20  98 176 178 176 178  43
  79 142 140 140 131 129 135 156 151 143 170 176 177 175 179  46
  23 120 179 178 177 176 177 177 176 177 178 177 177 175 178  55
  23 142 179 178 177 176 177 177 177 176 176 176 175 175 177  45
  20 131 178 176 175 175 176 175 175 174 174 175 174 175 176  44
  13 131 179 179 180 178 179 182 183 172 170 173 171 173 174  56
 173  92  36  47  48  55  40  33  36  34 112 178 173 173 172  51
 178  89  22  31  30  36  36  34  35  24  83 178 173 171 172  45
 176  88  22  34  30  37  40  37  30  30  90 178 171 170 175  43
 176  81  28  31  29  34  37  35  31  26  93 176 170 168 175  52
 160  95  54  58  44  43  57  67  64  60 124 175 170 171 171  56
  17 121 179 179 178 178 175 176 177 175 172 172 171 172 172  43
  18 135 173 170 171 171 172 171 170 169 170 171 169 169 170  52
  18 115 172 170 170 170 170 168 168 168 169 169 168 168 168  52
  17 125 171 170 171 171 171 170 172 173 173 175 173 173 171  52
  22  63 105 111  93  92  95  90  97  99  80  78  79  82  74 135

  66  81  96  78  70  68  66  67  60  70  75  62  69  74  77 150
 225 228 226 222 214 220 219 221 217 215 215 214 212 212 202  77
 225 224 223 225 223 224 225 219 218 218 217 218 219 220 210  90
 225 226 224 225 223 222 221 222 223 224 220 218 219 220 212  90
 221 226 224 225 224 225 219 215 210 216 215 215 221 221 213  91
 117 201 225 226 223 205 128  98 100 111 154 214 219 221 211  94
  54 179 224 225 223 200  42  50  69  69  89 211 218 220 210 115
  56 174 223 226 223 214  46  67  64  72  95 210 219 220 211 114
  57 175 222 221 220 219  44  65  66  70  96 210 220 220 213 107
  58 168 224 224 223 218  51  68  69  68  79 209 220 221 213 111
  53 168 227 227 226 218  65  68  66  64  59 212 220 221 216 107
  53 158 227 227 225 220  59  63  59  58  59 211 221 222 216 109
  56 151 225 224 222 218  58  65  62  60  78 211 219 222 215 125
  49 170 222 221 220 217  41  53  51  62  84 207 214 215 211 121
 111 173 177 177 145 154 116 117 125 121 130 132 138 128 151  84
 226  94  45  41  42  46 202 220 224 222 188  37  47  48  49  49
  49  55  69  54  49  56  53  49  44  54  60  49  59  58  54 135
 197 197 193 192 191 189 187 190 191 191 187 187 186 185 181  75
 195 194 193 192 192 191 191 191 192 192 188 189 188 188 186  83
 198 197 195 193 192 193 191 191 190 192 187 189 188 188 186  81
 195 196 195 193 192 192 190 188 187 190 191 190 190 189 188  79
 101 178 196 194 192 182 117  90  94  99 135 189 189 189 187  84
  30 154 195 193 192 182  34  29  35  32  68 189 188 188 186 104
  32 159 194 194 192 194  36  44  40  43  68 187 189 188 187 103
  32 164 195 195 194 196  34  44  46  46  70 188 190 188 186  95
  40 145 195 195 194 194  41  46  49  48  59 188 190 189 187  99
  34 140 196 196 194 194  55  46  45  45  44 190 190 189 188  95
  29 141 194 194 193 195  49  41  37  38  44 189 191 190 189  96
  28 148 196 195 193 194  48  42  40  39  59 189 189 190 187 113
  29 144 193 193 192 193  34  31  29  36  60 188 188 188 188 110
  93 148 135 150 129 133 107  93 103  93 110 128 136 117 125  69
 196  87  30  30  29  25 188 191 194 191 172  19  25  26  26  27
  43  46  55  45  44  56  51  45  43  52  56  43  52  52  52 135
 178 179 178 177 176 174 172 172 175 175 171 172 170 168 171  74
 176 175 175 175 175 173 173 171 170 168 171 172 169 168 173  82
 178 177 177 175 174 171 173 173 171 170 170 171 169 168 173  79
 176 176 177 176 175 173 178 178 178 176 175 172 171 169 175  78
  98 170 178 176 174 170 112  83  90  93 124 172 170 169 173  80
  20 143 177 176 174 172  34  24  30  26  60 175 169 168 173  99
  25 151 176 177 175 183  36  35  30  31  64 177 170 168 172  97
  22 156 177 177 175 182  33  34  37  35  67 176 171 168 170  90
  27 135 177 177 176 179  40  36  40  37  57 175 172 170 171  95
  21 129 176 176 175 178  55  36  37  34  43 178 171 170 171  92
  18 131 177 177 175 180  48  30  30  29  44 178 171 170 171  93
  22 140 178 178 176 179  47  31  34  31  58 179 170 170 170 111
  24 140 179 179 178 179  36  22  22  28  54 179 173 172 171 105
  87 142 120 142 131 131  92  89  88  81  95 121 135 115 125  63
 184  79  23  23  20  13 173 178 176 176 160  17  18  18  17  22

 150  77  90  90  91  94 115 114 107 111 107 109 125 121  84  49
  77 202 210 212 213 211 210 211 213 213 216 216 215 211 151  49
  74 212 220 220 221 221 220 220 220 221 221 222 222 215 128  48
  69 212 219 219 221 219 218 219 220 220 220 221 219 214 138  47
  62 214 218 218 215 214 211 210 210 209 212 211 211 207 132  37
  75 215 217 220 215 154  89  95  96  79  59  59  78  84 130 188
  70 215 218 224 216 111  69  72  70  68  64  58  60  62 121 222
  60 217 218 223 210 100  69  64  66  69  66  59  62  51 125 224
  67 221 219 222 215  98  50  67  65  68  68  63  65  53 117 220
  66 219 225 221 219 128  42  46  44  51  65  59  58  41 116 202
  68 220 224 222 225 205 200 214 219 218 218 220 218 217 154  46
  70 214 223 223 224 223 223 223 220 223 226 225 222 220 145  42
  78 222 225 225 225 226 225 226 221 224 227 227 224 221 177  41
  96 226 223 224 224 225 224 223 222 224 227 227 225 222 177  45
  81 228 224 226 226 201 179 174 175 168 168 158 151 170 173  94
  66 225 225 225 221 117  54  56  57  58  53  53  56  49 111 226
 135  75  83  81  79  84 104 103  95  99  95  96 113 110  69  27
  54 181 186 186 188 187 186 187 186 187 188 189 187 188 125  26
  58 185 188 188 189 189 188 188 188 189 189 190 190 188 117  26
  59 186 188 188 190 189 188 189 190 190 190 191 189 188 136  25
  49 187 189 189 190 189 189 187 188 188 190 189 189 188 128  19
  60 187 188 187 191 135  68  68  70  59  44  44  59  60 110 172
  54 191 192 192 190  99  32  43  46  48  45  38  39  36  93 191
  44 191 192 190 187  94  35  40  46  49  45  37  40  29 103 194
  49 190 191 191 188  90  29  44  44  46  46  41  42  31  93 191
  53 187 191 191 190 117  34  36  34  41  55  49  48  34 107 188
  56 189 191 193 192 182 182 194 196 194 194 195 194 193 133  25
  49 191 192 192 192 192 192 192 194 194 194 193 193 192 129  29
  54 192 192 193 193 194 193 194 195 195 196 194 195 193 150  30
  69 193 193 195 195 196 195 194 195 195 196 194 196 193 135  30
  55 197 194 197 196 178 154 159 164 145 140 141 148 144 148  87
  49 197 195 198 195 101  30  32  32  40  34  29  28  29  93 196
 135  74  82  79  78  80  99  97  90  95  92  93 111 105  63  22
  52 171 173 173 175 173 173 172 170 171 171 171 170 171 125  17
  52 168 168 168 169 169 168 168 168 170 170 170 170 172 115  18
  52 170 169 169 171 170 169 170 171 172 171 171 170 173 135  18
  43 172 172 171 172 172 175 177 176 175 178 178 179 179 121  17
  56 171 171 170 175 124  60  64  67  57  43  44  58  54  95 160
  52 175 168 170 176  93  26  31  35  37  34  29  31  28  81 176
  43 175 170 171 178  90  30  30  37  40  37  30  34  22  88 176
  45 172 171 173 178  83  24  35  34  36  36  30  31  22  89 178
  51 172 173 173 178 112  34  36  33  40  55  48  47  36  92 173
  56 174 173 171 173 170 172 183 182 179 178 180 179 179 131  13
  44 176 175 174 175 174 174 175 175 176 175 175 176 178 131  20
  45 177 175 175 176 176 176 177 177 177 176 177 178 179 142  23
  55 178 175 177 177 178 177 176 177 177 176 177 178 179 120  23
  46 179 175 177 176 170 143 151 156 135 129 131 140 140 142  79
  43 178 176 178 176  98  20  25  22  27  21  18  22  24  87 184

  49  49  48  47  37 188 222 224 220 202  46  42  41  45  94 226
  84 151 128 138 132 130 121 125 117 116 154 145 177 177 173 111
 121 211 215 214 207  84  62  51  53  41 217 220 221 222 170  49
 125 215 222 219 211  78  60  62  65  58 218 222 224 225 151  56
 109 216 222 221 211  59  58  59  63  59 220 225 227 227 158  53
 107 216 221 220 212  59  64  66  68  65 218 226 227 227 168  53
 111 213 221 220 209  79  68  69  68  51 218 223 224 224 168  58
 107 213 220 220 210  96  70  66  65  44 219 220 221 222 175  57
 114 211 220 219 210  95  72  64  67  46 214 223 226 223 174  56
 115 210 220 218 211  89  69  69  50  42 200 223 225 224 179  54
  94 211 221 219 214 154 111 100  98 128 205 223 226 225 201 117
  91 213 221 221 215 215 216 210 215 219 225 224 225 224 226 221
  90 212 220 219 218 220 224 223 222 221 222 223 225 224 226 225
  90 210 220 219 218 217 218 218 219 225 224 223 225 223 224 225
  77 202 212 212 214 215 215 217 221 219 220 214 222 226 228 225
 150  77  74  69  62  75  70  60  67  66  68  70  78  96  81  66
  27  26  26  25  19 172 191 194 191 188  25  29  30  30  87 196
  69 125 117 136 128 110  93 103  93 107 133 129 150 135 148  93
 110 188 188 188 188  60  36  29  31  34 193 192 193 193 144  29
 113 187 190 189 189  59  39  40  42  48 194 193 195 196 148  28
  96 189 190 191 189  44  38  37  41  49 195 193 194 194 141  29
  95 188 189 190 190  44  45  45  46  55 194 194 196 196 140  34
  99 187 189 190 188  59  48  49  46  41 194 194 195 195 145  40
  95 186 188 190 188  70  46  46  44  34 196 194 195 195 164  32
 103 187 188 189 187  68  43  40  44  36 194 192 194 194 159  32
 104 186 188 188 189  68  32  35  29  34 182 192 193 195 154  30
  84 187 189 189 189 135  99  94  90 117 182 192 194 196 178 101
  79 188 189 190 190 191 190 187 188 190 192 192 193 195 196 195
  81 186 188 188 189 187 192 190 191 191 193 192 193 195 197 198
  83 186 188 188 189 188 192 192 191 191 191 192 192 193 194 195
  75 181 185 186 187 187 191 191 190 187 189 191 192 193 197 197
 135  54  58  59  49  60  54  44  49  53  56  49  54  69  55  49
  22  17  18  18  17 160 176 176 178 173  13  20  23  23  79 184
  63 125 115 135 121  95  81  88  89  92 131 131 142 120 142  87
 105 171 172 173 179  54  28  22  22  36 179 178 179 179 140  24
 111 170 170 170 179  58  31  34  31  47 179 176 178 178 140  22
  93 171 170 171 178  44  29  30  30  48 180 175 177 177 131  18
  92 171 170 171 178  43  34  37  36  55 178 175 176 176 129  21
  95 171 170 172 175  57  37  40  36  40 179 176 177 177 135  27
  90 170 168 171 176  67  35  37  34  33 182 175 177 177 156  22
  97 172 168 170 177  64  31  30  35  36 183 175 177 176 151  25
  99 173 168 169 175  60  26  30  24  34 172 174 176 177 143  20
  80 173 169 170 172 124  93  90  83 112 170 174 176 178 170  98
  78 175 169 171 172 175 176 178 178 178 173 175 176 177 176 176
  79 173 168 169 171 170 170 171 173 173 171 174 175 177 177 178
  82 173 168 169 172 171 168 170 171 173 173 175 175 175 175 176
  74 171 168 170 172 171 175 175 172 172 174 176 177 178 179 178
 135  52  52  52  43  56  52  43  45  51  56  44  45  55  46  43

