  52 156 224 233 235 235 236 238 234 231 234 232 237 232 229 114
  58  64  77  51  70  90  90  79  79  91  98  90  85  82 102 151
  72  68  69  65  66  66  67  59  56  53  64  59  57  58  49 168
  71  65  68  69  66  68  68  67  63  58  58  63  53  59  48 154
  66  63  65  66  67  67  68  69  66  55  54  58  55  55  50 166
  72  57  65  67  66  69  63  64  62  60  46  69  59  44  47 169
 230 125  63  67  66  66  66  66  63  57  77 226 229 224 221 138
 237 146  64  68  67  68  65  67  62  53  89 227 236 232 244 121
 237 136  67  67  62  62  65  62  58  56  93 229 237 237 232 124
 241 142  62  60  61  52  52  53  58  53  83 226 235 236 237 101
 242 192 146 148 137 135 146 135 129 127 140 161 162 170 166 138
 240 238 238 235 233 233 233 229 223 232 190  37  37  44  45 162
 239 240 238 238 237 237 237 239 236 238 184  56  53  56  50 170
 238 239 239 239 240 240 239 240 238 241 208  58  57  55  45 163
 241 235 239 238 239 240 239 240 240 240 192  58  56  51  41 171
 241 237 238 237 237 239 239 240 239 236 201  63  51  55  42 177
  31 142 206 206 207 208 209 209 206 203 205 207 209 208 209  96
  44  55  68  42  64  74  68  60  67  78  78  84  79  77  92 137
  51  49  50  45  48  47  46  42  47  43  46  48  45  45  33 153
  49  47  50  48  46  50  48  47  46  45  45  45  41  41  29 143
  47  45  48  48  46  48  47  49  47  43  42  42  43  37  29 155
  57  37  45  49  45  48  48  46  42  42  32  44  37  28  33 155
 213 107  40  45  46  47  45  45  43  40  69 203 206 207 204 111
 211 124  43  45  47  49  45  46  43  40  80 205 207 207 207  92
 210 104  42  47  46  48  47  46  45  39  76 207 207 209 210  99
 212 109  36  43  44  36  32  33  38  37  72 206 206 208 207  89
 211 168 126 138 125 120 126 117 111 107 124 144 147 156 158 120
 209 211 212 208 206 206 207 206 207 207 170  18  29  31  22 150
 210 210 210 210 208 208 208 207 209 206 158  30  41  39  33 154
 210 210 208 209 210 209 209 208 208 207 179  27  39  38  31 151
 211 210 211 210 210 210 208 209 208 208 159  25  38  39  32 151
 211 210 210 209 209 208 208 208 208 208 176  31  38  39  32 149
  24 134 198 195 193 195 196 196 191 192 193 190 193 194 194  87
  37  49  65  43  64  72  66  59  66  78  78  75  73  73  89 132
  37  36  39  36  42  40  38  33  38  35  40  38  35  33  27 149
  39  37  40  38  37  40  38  37  36  36  36  35  35  29  23 141
  39  37  35  34  38  35  37  38  37  34  34  31  31  31  23 154
  49  31  35  36  38  37  37  36  34  34  25  39  32  23  27 147
 198  89  33  39  38  35  37  38  36  33  62 196 194 193 197  99
 191 106  31  36  37  35  38  39  33  32  75 195 190 189 194  86
 191  95  32  35  35  34  38  37  32  27  70 195 189 188 192  90
 193 100  28  31  36  26  26  26  27  25  68 197 192 190 192  81
 193 162 125 131 123 115 124 116 104  96 116 136 146 150 152 118
 192 194 197 195 194 194 195 193 190 191 159  14  27  24  17 144
 192 192 191 192 191 191 191 190 190 187 143  23  33  31  27 149
 192 192 191 191 192 192 191 191 191 190 163  22  31  31  25 143
 190 192 193 192 192 192 191 190 191 191 144  18  30  31  24 145
 191 191 192 191 191 191 191 191 190 190 159  27  31  33  26 145

 114 151 168 154 166 169 138 121 124 101 138 162 170 163 171 177
 229 102  49  48  50  47 221 244 232 237 166  45  50  45  41  42
 232  82  58  59  55  44 224 232 237 236 170  44  56  55  51  55
 237  85  57  53  55  59 229 236 237 235 162  37  53  57  56  51
 232  90  59  63  58  69 226 227 229 226 161  37  56  58  58  63
 234  98  64  58  54  46  77  89  93  83 140 190 184 208 192 201
 231  91  53  58  55  60  57  53  56  53 127 232 238 241 240 236
 234  79  56  63  66  62  63  62  58  58 129 223 236 238 240 239
 238  79  59  67  69  64  66  67  62  53 135 229 239 240 240 240
 236  90  67  68  68  63  66  65  65  52 146 233 237 239 239 239
 235  90  66  68  67  69  66  68  62  52 135 233 237 240 240 239
 235  70  66  66  67  66  66  67  62  61 137 233 237 240 239 237
 233  51  65  69  66  67  67  68  67  60 148 235 238 239 238 237
 224  77  69  68  65  65  63  64  67  62 146 238 238 239 239 238
 156  64  68  65  63  57 125 146 136 142 192 238 240 239 235 237
  52  58  72  71  66  72 230 237 237 241 242 240 239 238 241 241
  96 137 153 143 155 155 111  92  99  89 120 150 154 151 151 149
 209  92  33  29  29  33 204 207 210 207 158  22  33  31  32  32
 208  77  45  41  37  28 207 207 209 208 156  31  39  38  39  39
 209  79  45  41  43  37 206 207 207 206 147  29  41  39  38  38
 207  84  48  45  42  44 203 205 207 206 144  18  30  27  25  31
 205  78  46  45  42  32  69  80  76  72 124 170 158 179 159 176
 203  78  43  45  43  42  40  40  39  37 107 207 206 207 208 208
 206  67  47  46  47  42  43  43  45  38 111 207 209 208 208 208
 209  60  42  47  49  46  45  46  46  33 117 206 207 208 209 208
 209  68  46  48  47  48  45  45  47  32 126 207 208 209 208 208
 208  74  47  50  48  48  47  49  48  36 120 206 208 209 210 208
 207  64  48  46  46  45  46  47  46  44 125 206 208 210 210 209
 206  42  45  48  48  49  45  45  47  43 138 208 210 209 210 209
 206  68  50  50  48  45  40  43  42  36 126 212 210 208 211 210
 142  55  49  47  45  37 107 124 104 109 168 211 210 210 210 210
  31  44  51  49  47  57 213 211 210 212 211 209 210 210 211 211
  87 132 149 141 154 147  99  86  90  81 118 144 149 143 145 145
 194  89  27  23  23  27 197 194 192 192 152  17  27  25  24  26
 194  73  33  29  31  23 193 189 188 190 150  24  31  31  31  33
 193  73  35  35  31  32 194 190 189 192 146  27  33  31  30  31
 190  75  38  35  31  39 196 195 195 197 136  14  23  22  18  27
 193  78  40  36  34  25  62  75  70  68 116 159 143 163 144 159
 192  78  35  36  34  34  33  32  27  25  96 191 187 190 191 190
 191  66  38  36  37  34  36  33  32  27 104 190 190 191 191 190
 196  59  33  37  38  36  38  39  37  26 116 193 190 191 190 191
 196  66  38  38  37  37  37  38  38  26 124 195 191 191 191 191
 195  72  40  40  35  37  35  35  34  26 115 194 191 192 192 191
 193  64  42  37  38  38  38  37  35  36 123 194 191 192 192 191
 195  43  36  38  34  36  39  36  35  31 131 195 192 191 192 191
 198  65  39  40  35  35  33  31  32  28 125 197 191 191 193 192
 134  49  36  37  37  31  89 106  95 100 162 194 192 192 192 191
  24  37  37  39  39  49 198 191 191 193 193 192 192 192 190 191

 177  42  55  51  63 201 236 239 240 239 239 237 237 238 237 241
 171  41  51  56  58 192 240 240 240 239 240 239 238 239 235 241
 163  45  55  57  58 208 241 238 240 239 240 240 239 239 239 238
 170  50  56  53  56 184 238 236 239 237 237 237 238 238 240 239
 162  45  44  37  37 190 232 223 229 233 233 233 235 238 238 240
 138 166 170 162 161 140 127 129 135 146 135 137 148 146 192 242
 101 237 236 235 226  83  53  58  53  52  52  61  60  62 142 241
 124 232 237 237 229  93  56  58  62  65  62  62  67  67 136 237
 121 244 232 236 227  89  53  62  67  65  68  67  68  64 146 237
 138 221 224 229 226  77  57  63  66  66  66  66  67  63 125 230
 169  47  44  59  69  46  60  62  64  63  69  66  67  65  57  72
 166  50  55  55  58  54  55  66  69  68  67  67  66  65  63  66
 154  48  59  53  63  58  58  63  67  68  68  66  69  68  65  71
 168  49  58  57  59  64  53  56  59  67  66  66  65  69  68  72
 151 102  82  85  90  98  91  79  79  90  90  70  51  77  64  58
 114 229 232 237 232 234 231 234 238 236 235 235 233 224 156  52
 149  32  39  38  31 176 208 208 208 208 208 209 209 210 210 211
 151  32  39  38  25 159 208 208 209 208 210 210 210 211 210 211
 151  31  38  39  27 179 207 208 208 209 209 210 209 208 210 210
 154  33  39  41  30 158 206 209 207 208 208 208 210 210 210 210
 150  22  31  29  18 170 207 207 206 207 206 206 208 212 211 209
 120 158 156 147 144 124 107 111 117 126 120 125 138 126 168 211
  89 207 208 206 206  72  37  38  33  32  36  44  43  36 109 212
  99 210 209 207 207  76  39  45  46  47  48  46  47  42 104 210
  92 207 207 207 205  80  40  43  46  45  49  47  45  43 124 211
 111 204 207 206 203  69  40  43  45  45  47  46  45  40 107 213
 155  33  28  37  44  32  42  42  46  48  48  45  49  45  37  57
 155  29  37  43  42  42  43  47  49  47  48  46  48  48  45  47
 143  29  41  41  45  45  45  46  47  48  50  46  48  50  47  49
 153  33  45  45  48  46  43  47  42  46  47  48  45  50  49  51
 137  92  77  79  84  78  78  67  60  68  74  64  42  68  55  44
  96 209 208 209 207 205 203 206 209 209 208 207 206 206 142  31
 145  26  33  31  27 159 190 190 191 191 191 191 191 192 191 191
 145  24  31  30  18 144 191 191 190 191 192 192 192 193 192 190
 143  25  31  31  22 163 190 191 191 191 192 192 191 191 192 192
 149  27  31  33  23 143 187 190 190 191 191 191 192 191 192 192
 144  17  24  27  14 159 191 190 193 195 194 194 195 197 194 192
 118 152 150 146 136 116  96 104 116 124 115 123 131 125 162 193
  81 192 190 192 197  68  25  27  26  26  26  36  31  28 100 193
  90 192 188 189 195  70  27  32  37  38  34  35  35  32  95 191
  86 194 189 190 195  75  32  33  39  38  35  37  36  31 106 191
  99 197 193 194 196  62  33  36  38  37  35  38  39  33  89 198
 147  27  23  32  39  25  34  34  36  37  37  38  36  35  31  49
 154  23  31  31  31  34  34  37  38  37  35  38  34  35  37  39
 141  23  29  35  35  36  36  36  37  38  40  37  38  40  37  39
 149  27  33  35  38  40  35  38  33  38  40  42  36  39  36  37
 132  89  73  73  75  78  78  66  59  66  72  64  43  65  49  37
  87 194 194 193 190 193 192 191 196 196 195 193 195 198 134  24

 241 241 238 239 240 242 241 237 237 230  72  66  71  72  58  52
 237 235 239 240 238 192 142 136 146 125  57  63  65  68  64 156
 238 239 239 238 238 146  62  67  64  63  65  65  68  69  77 224
 237 238 239 238 235 148  60  67  68  67  67  66  69  65  51 233
 237 239 240 237 233 137  61  62  67  66  66  67  66  66  70 235
 239 240 240 237 233 135  52  62  68  66  69  67  68  66  90 235
 239 239 239 237 233 146  52  65  65  66  63  68  68  67  90 236
 240 240 240 239 229 135  53  62  67  66  64  69  67  59  79 238
 239 240 238 236 223 129  58  58  62  63  62  66  63  56  79 234
 236 240 241 238 232 127  53  56  53  57  60  55  58  53  91 231
 201 192 208 184 190 140  83  93  89  77  46  54  58  64  98 234
  63  58  58  56  37 161 226 229 227 226  69  58  63  59  90 232
  51  56  57  53  37 162 235 237 236 229  59  55  53  57  85 237
  55  51  55  56  44 170 236 237 232 224  44  55  59  58  82 232
  42  41  45  50  45 166 237 232 244 221  47  50  48  49 102 229
 177 171 163 170 162 138 101 124 121 138 169 166 154 168 151 114
 211 211 210 210 209 211 212 210 211 213  57  47  49  51  44  31
 210 210 210 210 211 168 109 104 124 107  37  45  47  49  55 142
 210 211 208 210 212 126  36  42  43  40  45  48  50  50  68 206
 209 210 209 210 208 138  43  47  45  45  49  48  48  45  42 206
 209 210 210 208 206 125  44  46  47  46  45  46  46  48  64 207
 208 210 209 208 206 120  36  48  49  47  48  48  50  47  74 208
 208 208 209 208 207 126  32  47  45  45  48  47  48  46  68 209
 208 209 208 207 206 117  33  46  46  45  46  49  47  42  60 209
 208 208 208 209 207 111  38  45  43  43  42  47  46  47  67 206
 208 208 207 206 207 107  37  39  40  40  42  43  45  43  78 203
 176 159 179 158 170 124  72  76  80  69  32  42  45  46  78 205
  31  25  27  30  18 144 206 207 205 203  44  42  45  48  84 207
  38  38  39  41  29 147 206 207 207 206  37  43  41  45  79 209
  39  39  38  39  31 156 208 209 207 207  28  37  41  45  77 208
  32  32  31  33  22 158 207 210 207 204  33  29  29  33  92 209
 149 151 151 154 150 120  89  99  92 111 155 155 143 153 137  96
 191 190 192 192 192 193 193 191 191 198  49  39  39  37  37  24
 191 192 192 192 194 162 100  95 106  89  31  37  37  36  49 134
 192 193 191 191 197 125  28  32  31  33  35  35  40  39  65 198
 191 192 191 192 195 131  31  35  36  39  36  34  38  36  43 195
 191 192 192 191 194 123  36  35  37  38  38  38  37  42  64 193
 191 192 192 191 194 115  26  34  35  35  37  35  40  40  72 195
 191 191 191 191 195 124  26  38  38  37  37  37  38  38  66 196
 191 190 191 190 193 116  26  37  39  38  36  38  37  33  59 196
 190 191 191 190 190 104  27  32  33  36  34  37  36  38  66 191
 190 191 190 187 191  96  25  27  32  33  34  34  36  35  78 192
 159 144 163 143 159 116  68  70  75  62  25  34  36  40  78 193
  27  18  22  23  14 136 197 195 195 196  39  31  35  38  75 190
  31  30  31  33  27 146 192 189 190 194  32  31  35  35  73 193
  33  31  31  31  24 150 190 188 189 193  23  31  29  33  73 194
  26  24  25  27  17 152 192 192 194 197  27  23  23  27  89 194
 145 145 143 149 144 118  81  90  86  99 147 154 141 149 132  87

