  35 192 216 219 217 219 217 216 217 215 218 213 207 208 202  65
 178 210 215 216 216 218 218 215 217 213 164  81  66  67  71 163
 212 213 214 215 215 215 218 215 214 208 129  56  46  43  47 169
 220 214 213 215 214 214 218 214 215 209 127  52  52  52  31 175
 215 211 211 212 211 211 211 211 211 207 125  47  55  53  39 179
 192 209 211 211 211 211 210 211 213 211 145  67  56  34  81 161
  51 188 210 209 210 210 210 210 213 212 206 200 197 191 199  92
  31 179 207 207 208 211 212 214 208 208 208 207 207 208 206  67
  37 162 206 207 208 209 210 211 207 207 207 206 207 207 206  65
  24 173 209 208 208 207 207 207 206 206 206 205 204 204 201  65
  32 168 203 209 209 208 208 208 205 206 205 203 202 202 201  75
  40 166 204 208 208 208 207 207 206 205 203 202 202 201 203  84
  35 171 204 206 205 205 206 206 204 203 203 202 202 201 199  82
  31 166 202 205 205 205 204 203 205 207 205 203 203 201 198  75
  27 161 187 193 193 197 197 193 193 197 187 187 190 192 190  84
  31  42  57  56  60  44  51  53  39  41  47  52  51  23  30 142
  19 172 187 187 186 186 185 186 185 185 190 188 185 183 182  49
 149 181 186 185 185 186 185 186 187 186 136  53  52  55  63 148
 185 185 186 185 184 184 185 184 185 189 102  26  32  32  34 152
 187 185 185 185 184 184 185 185 185 185 110  33  34  32  17 165
 184 184 183 184 183 183 183 184 184 183 110  30  33  30  20 164
 170 183 183 183 183 183 182 182 183 182 125  51  40  24  62 148
  35 164 182 181 182 182 182 182 181 180 182 181 179 177 175  62
  20 160 182 181 181 180 180 180 180 180 180 179 179 180 180  45
  28 146 181 180 180 179 179 179 179 179 179 177 179 179 181  54
  16 158 179 179 179 179 179 179 177 177 177 177 177 176 176  59
  20 162 177 178 178 178 177 177 176 177 176 176 177 177 175  57
  22 144 176 177 177 177 176 176 177 176 175 176 177 176 177  54
  21 143 175 176 175 175 176 176 175 175 175 176 176 175 176  54
  22 147 174 175 175 175 174 174 174 174 173 172 173 173 173  56
  21 151 167 171 172 175 176 174 175 177 166 165 167 171 170  67
  27  37  43  48  52  36  43  46  32  37  44  49  48  21  26 129
  15 165 169 167 169 167 169 169 168 168 173 172 170 167 168  41
 126 161 168 168 168 169 167 167 168 168 120  44  48  50  58 141
 169 167 167 167 166 166 167 167 168 170  86  17  25  27  34 147
 166 165 166 166 166 166 167 165 165 170 103  26  26  26  16 157
 166 166 165 166 165 165 165 165 162 163 102  23  25  29  19 160
 157 169 165 165 165 165 164 164 164 165 118  47  38  29  55 142
  31 156 164 163 164 164 164 164 165 161 165 168 168 173 159  56
  16 151 164 163 163 163 163 163 162 162 162 161 161 161 163  39
  22 140 163 162 162 162 162 161 160 160 160 159 161 161 165  47
  10 152 162 161 161 160 160 160 159 159 159 159 158 158 163  51
  13 154 162 160 161 160 159 159 158 159 158 158 158 158 161  49
  15 138 161 159 159 159 158 158 159 158 157 157 158 157 160  41
  14 135 161 158 157 157 158 158 157 157 157 157 158 158 162  48
  15 139 162 157 157 157 156 156 156 155 156 155 156 156 158  51
  13 143 158 158 158 162 162 162 164 164 153 150 152 157 158  61
  19  30  37  43  48  32  39  42  30  32  39  44  43  19  24 121

  65 163 169 175 179 161  92  67  65  65  75  84  82  75  84 142
 202  71  47  31  39  81 199 206 206 201 201 203 199 198 190  30
 208  67  43  52  53  34 191 208 207 204 202 201 201 201 192  23
 207  66  46  52  55  56 197 207 207 204 202 202 202 203 190  51
 213  81  56  52  47  67 200 207 206 205 203 202 202 203 187  52
 218 164 129 127 125 145 206 208 207 206 205 203 203 205 187  47
 215 213 208 209 207 211 212 208 207 206 206 205 203 207 197  41
 217 217 214 215 211 213 213 208 207 206 205 206 204 205 193  39
 216 215 215 214 211 211 210 214 211 207 208 207 206 203 193  53
 217 218 218 218 211 210 210 212 210 207 208 207 206 204 197  51
 219 218 215 214 211 211 210 211 209 207 208 208 205 205 197  44
 217 216 215 214 211 211 210 208 208 208 209 208 205 205 193  60
 219 216 215 215 212 211 209 207 207 208 209 208 206 205 193  56
 216 215 214 213 211 211 210 207 206 209 203 204 204 202 187  57
 192 210 213 214 211 209 188 179 162 173 168 166 171 166 161  42
  35 178 212 220 215 192  51  31  37  24  32  40  35  31  27  31
  49 148 152 165 164 148  62  45  54  59  57  54  54  56  67 129
 182  63  34  17  20  62 175 180 181 176 175 177 176 173 170  26
 183  55  32  32  30  24 177 180 179 176 177 176 175 173 171  21
 185  52  32  34  33  40 179 179 179 177 177 177 176 173 167  48
 188  53  26  33  30  51 181 179 177 177 176 176 176 172 165  49
 190 136 102 110 110 125 182 180 179 177 176 175 175 173 166  44
 185 186 189 185 183 182 180 180 179 177 177 176 175 174 177  37
 185 187 185 185 184 183 181 180 179 177 176 177 175 174 175  32
 186 186 184 185 184 182 182 180 179 179 177 176 176 174 174  46
 185 185 185 185 183 182 182 180 179 179 177 176 176 174 176  43
 186 186 184 184 183 183 182 180 179 179 178 177 175 175 175  36
 186 185 184 184 183 183 182 181 180 179 178 177 175 175 172  52
 187 185 185 185 184 183 181 181 180 179 178 177 176 175 171  48
 187 186 186 185 183 183 182 182 181 179 177 176 175 174 167  43
 172 181 185 185 184 183 164 160 146 158 162 144 143 147 151  37
  19 149 185 187 184 170  35  20  28  16  20  22  21  22  21  27
  41 141 147 157 160 142  56  39  47  51  49  41  48  51  61 121
 168  58  34  16  19  55 159 163 165 163 161 160 162 158 158  24
 167  50  27  26  29  29 173 161 161 158 158 157 158 156 157  19
 170  48  25  26  25  38 168 161 161 158 158 158 158 156 152  43
 172  44  17  26  23  47 168 161 159 159 158 157 157 155 150  44
 173 120  86 103 102 118 165 162 160 159 158 157 157 156 153  39
 168 168 170 170 163 165 161 162 160 159 159 158 157 155 164  32
 168 168 168 165 162 164 165 162 160 159 158 159 157 156 164  30
 169 167 167 165 165 164 164 163 161 160 159 158 158 156 162  42
 169 167 167 167 165 164 164 163 162 160 159 158 158 156 162  39
 167 169 166 166 165 165 164 163 162 160 160 159 157 157 162  32
 169 168 166 166 165 165 164 163 162 161 161 159 157 157 158  48
 167 168 167 166 166 165 163 163 162 161 160 159 158 157 158  43
 169 168 167 166 165 165 164 164 163 162 162 161 161 162 158  37
 165 161 167 165 166 169 156 151 140 152 154 138 135 139 143  30
  15 126 169 166 166 157  31  16  22  10  13  15  14  15  13  19

 142  30  23  51  52  47  41  39  53  51  44  60  56  57  42  31
  84 190 192 190 187 187 197 193 193 197 197 193 193 187 161  27
  75 198 201 203 203 205 207 205 203 204 205 205 205 202 166  31
  82 199 201 202 202 203 203 204 206 206 205 205 206 204 171  35
  84 203 201 202 202 203 205 206 207 207 208 208 208 204 166  40
  75 201 202 202 203 205 206 205 208 208 208 209 209 203 168  32
  65 201 204 204 205 206 206 206 207 207 207 208 208 209 173  24
  65 206 207 207 206 207 207 207 211 210 209 208 207 206 162  37
  67 206 208 207 207 208 208 208 214 212 211 208 207 207 179  31
  92 199 191 197 200 206 212 213 210 210 210 210 209 210 188  51
 161  81  34  56  67 145 211 213 211 210 211 211 211 211 209 192
 179  39  53  55  47 125 207 211 211 211 211 211 212 211 211 215
 175  31  52  52  52 127 209 215 214 218 214 214 215 213 214 220
 169  47  43  46  56 129 208 214 215 218 215 215 215 214 213 212
 163  71  67  66  81 164 213 217 215 218 218 216 216 215 210 178
  65 202 208 207 213 218 215 217 216 217 219 217 219 216 192  35
 129  26  21  48  49  44  37  32  46  43  36  52  48  43  37  27
  67 170 171 167 165 166 177 175 174 176 175 172 171 167 151  21
  56 173 173 173 172 173 174 174 174 174 175 175 175 174 147  22
  54 176 175 176 176 175 175 175 176 176 175 175 176 175 143  21
  54 177 176 177 176 175 176 177 176 176 177 177 177 176 144  22
  57 175 177 177 176 176 177 176 177 177 178 178 178 177 162  20
  59 176 176 177 177 177 177 177 179 179 179 179 179 179 158  16
  54 181 179 179 177 179 179 179 179 179 179 180 180 181 146  28
  45 180 180 179 179 180 180 180 180 180 180 181 181 182 160  20
  62 175 177 179 181 182 180 181 182 182 182 182 181 182 164  35
 148  62  24  40  51 125 182 183 182 182 183 183 183 183 183 170
 164  20  30  33  30 110 183 184 184 183 183 183 184 183 184 184
 165  17  32  34  33 110 185 185 185 185 184 184 185 185 185 187
 152  34  32  32  26 102 189 185 184 185 184 184 185 186 185 185
 148  63  55  52  53 136 186 187 186 185 186 185 185 186 181 149
  49 182 183 185 188 190 185 185 186 185 186 186 187 187 172  19
 121  24  19  43  44  39  32  30  42  39  32  48  43  37  30  19
  61 158 157 152 150 153 164 164 162 162 162 158 158 158 143  13
  51 158 156 156 155 156 155 156 156 156 157 157 157 162 139  15
  48 162 158 158 157 157 157 157 158 158 157 157 158 161 135  14
  41 160 157 158 157 157 158 159 158 158 159 159 159 161 138  15
  49 161 158 158 158 158 159 158 159 159 160 161 160 162 154  13
  51 163 158 158 159 159 159 159 160 160 160 161 161 162 152  10
  47 165 161 161 159 160 160 160 161 162 162 162 162 163 140  22
  39 163 161 161 161 162 162 162 163 163 163 163 163 164 151  16
  56 159 173 168 168 165 161 165 164 164 164 164 163 164 156  31
 142  55  29  38  47 118 165 164 164 164 165 165 165 165 169 157
 160  19  29  25  23 102 163 162 165 165 165 165 166 165 166 166
 157  16  26  26  26 103 170 165 165 167 166 166 166 166 165 166
 147  34  27  25  17  86 170 168 167 167 166 166 167 167 167 169
 141  58  50  48  44 120 168 168 167 167 169 168 168 168 161 126
  41 168 167 170 172 173 168 168 169 169 167 169 167 169 165  15

  31  27  31  35  40  32  24  37  31  51 192 215 220 212 178  35
  42 161 166 171 166 168 173 162 179 188 209 211 214 213 210 192
  57 187 202 204 204 203 209 206 207 210 211 211 213 214 215 216
  56 193 205 206 208 209 208 207 207 209 211 212 215 215 216 219
  60 193 205 205 208 209 208 208 208 210 211 211 214 215 216 217
  44 197 205 205 208 208 207 209 211 210 211 211 214 215 218 219
  51 197 204 206 207 208 207 210 212 210 210 211 218 218 218 217
  53 193 203 206 207 208 207 211 214 210 211 211 214 215 215 216
  39 193 205 204 206 205 206 207 208 213 213 211 215 214 217 217
  41 197 207 203 205 206 206 207 208 212 211 207 209 208 213 215
  47 187 205 203 203 205 206 207 208 206 145 125 127 129 164 218
  52 187 203 202 202 203 205 206 207 200  67  47  52  56  81 213
  51 190 203 202 202 202 204 207 207 197  56  55  52  46  66 207
  23 192 201 201 201 202 204 207 208 191  34  53  52  43  67 208
  30 190 198 199 203 201 201 206 206 199  81  39  31  47  71 202
 142  84  75  82  84  75  65  65  67  92 161 179 175 169 163  65
  27  21  22  21  22  20  16  28  20  35 170 184 187 185 149  19
  37 151 147 143 144 162 158 146 160 164 183 184 185 185 181 172
  43 167 174 175 176 177 179 181 182 182 183 183 185 186 186 187
  48 171 175 176 177 178 179 180 181 181 183 184 185 185 185 187
  52 172 175 175 177 178 179 180 181 182 183 183 184 184 185 186
  36 175 175 175 177 178 179 179 180 182 183 183 184 184 186 186
  43 176 174 176 176 177 179 179 180 182 182 183 185 185 185 185
  46 174 174 176 176 177 179 179 180 182 182 184 185 184 186 186
  32 175 174 175 177 176 177 179 180 181 183 184 185 185 187 185
  37 177 174 175 176 177 177 179 180 180 182 183 185 189 186 185
  44 166 173 175 175 176 177 179 180 182 125 110 110 102 136 190
  49 165 172 176 176 176 177 177 179 181  51  30  33  26  53 188
  48 167 173 176 177 177 177 179 179 179  40  33  34  32  52 185
  21 171 173 175 176 177 176 179 180 177  24  30  32  32  55 183
  26 170 173 176 177 175 176 181 180 175  62  20  17  34  63 182
 129  67  56  54  54  57  59  54  45  62 148 164 165 152 148  49
  19  13  15  14  15  13  10  22  16  31 157 166 166 169 126  15
  30 143 139 135 138 154 152 140 151 156 169 166 165 167 161 165
  37 158 162 161 161 162 162 163 164 164 165 165 166 167 168 169
  43 158 157 158 159 160 161 162 163 163 165 166 166 167 168 167
  48 158 157 157 159 161 161 162 163 164 165 165 166 166 168 169
  32 162 157 157 159 160 160 162 163 164 165 165 166 166 169 167
  39 162 156 158 158 159 160 162 163 164 164 165 167 167 167 169
  42 162 156 158 158 159 160 161 163 164 164 165 165 167 167 169
  30 164 156 157 159 158 159 160 162 165 164 162 165 168 168 168
  32 164 155 157 158 159 159 160 162 161 165 163 170 170 168 168
  39 153 156 157 157 158 159 160 162 165 118 102 103  86 120 173
  44 150 155 157 157 158 159 159 161 168  47  23  26  17  44 172
  43 152 156 158 158 158 158 161 161 168  38  25  26  25  48 170
  19 157 156 158 157 158 158 161 161 173  29  29  26  27  50 167
  24 158 158 162 160 161 163 165 163 159  55  19  16  34  58 168
 121  61  51  48  41  49  51  47  39  56 142 160 157 147 141  41

