 226 225 222 223 230 236 234 232 231 233 141  62  54  58  40 214
  45  43  45  49  47  51  55  53  50  41  32  57  54  56  36 216
  63  63  65  71  70  78  80  72  66  55  52  54  52  55  58 200
  60  62  65  69  70  80  83  72  67  56  51  49  48  53  37 216
  52  61  62  65  66  76  77  68  63  51  47  57  55  58  38 216
 106  46  61  64  63  75  77  66  62  46  73 106  97  93 118 186
 220  83  62  65  64  77  81  67  65  42 162 228 229 224 221  66
 239  72  61  66  64  80  83  69  68  40 176 235 241 239 233  67
 235  71  65  66  65  80  79  69  69  48 174 241 240 246 229  78
 218  78  57  60  60  75  74  66  67  49 176 237 240 243 226  71
 105 181 176 179 179 176 173 166 164 165 224 240 242 241 234  55
  69 220 238 236 237 239 238 238 239 240 240 244 245 242 232  63
  66 225 241 243 243 245 243 240 243 242 244 244 244 244 230  74
  66 231 241 248 246 243 243 241 241 249 240 243 240 239 232  55
 109 228 240 245 243 242 239 244 244 247 237 239 246 236 223  68
 222 236 244 245 244 244 241 239 245 240 149  75  72  67  99 204
 201 202 204 205 207 210 208 207 209 208 109  30  37  36  25 200
  25  23  26  32  29  30  34  33  33  31  20  37  39  37  29 205
  43  42  40  47  48  52  54  46  43  36  34  35  37  35  48 188
  40  39  42  47  47  54  57  45  43  37  37  34  37  36  24 198
  34  37  39  45  46  56  57  48  43  35  36  40  39  38  28 204
  93  25  40  46  45  55  57  47  43  30  58  77  76  76  90 165
 202  59  42  48  46  56  58  45  44  25 143 206 206 206 204  52
 210  41  42  48  48  57  59  48  45  27 162 211 211 212 211  39
 207  45  44  52  49  57  58  50  46  31 161 212 212 212 206  46
 198  55  34  35  37  45  48  45  38  23 153 214 213 212 204  49
  91 167 163 165 161 165 162 155 153 154 199 212 213 214 212  31
  59 204 212 212 213 212 210 211 211 213 211 213 213 212 207  38
  54 207 212 213 214 214 213 210 212 211 214 215 213 214 204  50
  47 210 211 214 215 213 213 209 211 211 213 214 211 214 208  35
  90 206 214 214 214 214 212 213 214 214 213 214 212 216 205  37
 205 211 214 214 215 217 214 213 213 213 123  54  56  55  83 191
 192 192 193 194 195 196 194 193 195 196 101  24  30  31  19 194
  21  20  22  30  29  30  33  33  32  31  18  30  31  32  26 199
  32  34  35  41  41  46  48  40  36  32  29  29  29  31  45 179
  31  31  35  39  39  45  46  35  35  25  23  26  31  31  18 191
  25  29  31  37  38  47  44  36  34  28  29  29  27  31  26 199
  88  19  31  36  36  46  45  36  34  22  48  73  74  71  84 158
 188  49  34  37  36  45  45  34  35  19 142 199 200 199 197  47
 195  34  35  36  36  45  46  36  36  20 157 193 193 194 194  29
 189  32  34  38  36  45  44  37  37  24 155 195 193 195 188  36
 187  47  30  29  27  35  36  32  30  17 150 197 194 194 186  39
  92 161 159 161 156 162 159 152 150 151 192 195 195 195 194  29
  55 194 199 200 198 198 197 197 198 199 196 194 194 193 185  28
  51 199 192 194 196 197 195 192 195 194 196 194 194 196 183  39
  42 201 193 196 196 197 193 192 193 192 195 195 197 195 192  30
  89 194 194 197 196 193 191 194 191 194 205 201 199 200 186  26
 197 198 193 197 196 193 195 192 191 193 107  52  50  53  79 180

 214 216 200 216 216 186  66  67  78  71  55  63  74  55  68 204
  40  36  58  37  38 118 221 233 229 226 234 232 230 232 223  99
  58  56  55  53  58  93 224 239 246 243 241 242 244 239 236  67
  54  54  52  48  55  97 229 241 240 240 242 245 244 240 246  72
  62  57  54  49  57 106 228 235 241 237 240 244 244 243 239  75
 141  32  52  51  47  73 162 176 174 176 224 240 244 240 237 149
 233  41  55  56  51  46  42  40  48  49 165 240 242 249 247 240
 231  50  66  67  63  62  65  68  69  67 164 239 243 241 244 245
 232  53  72  72  68  66  67  69  69  66 166 238 240 241 244 239
 234  55  80  83  77  77  81  83  79  74 173 238 243 243 239 241
 236  51  78  80  76  75  77  80  80  75 176 239 245 243 242 244
 230  47  70  70  66  63  64  64  65  60 179 237 243 246 243 244
 223  49  71  69  65  64  65  66  66  60 179 236 243 248 245 245
 222  45  65  65  62  61  62  61  65  57 176 238 241 241 240 244
 225  43  63  62  61  46  83  72  71  78 181 220 225 231 228 236
 226  45  63  60  52 106 220 239 235 218 105  69  66  66 109 222
 200 205 188 198 204 165  52  39  46  49  31  38  50  35  37 191
  25  29  48  24  28  90 204 211 206 204 212 207 204 208 205  83
  36  37  35  36  38  76 206 212 212 212 214 212 214 214 216  55
  37  39  37  37  39  76 206 211 212 213 213 213 213 211 212  56
  30  37  35  34  40  77 206 211 212 214 212 213 215 214 214  54
 109  20  34  37  36  58 143 162 161 153 199 211 214 213 213 123
 208  31  36  37  35  30  25  27  31  23 154 213 211 211 214 213
 209  33  43  43  43  43  44  45  46  38 153 211 212 211 214 213
 207  33  46  45  48  47  45  48  50  45 155 211 210 209 213 213
 208  34  54  57  57  57  58  59  58  48 162 210 213 213 212 214
 210  30  52  54  56  55  56  57  57  45 165 212 214 213 214 217
 207  29  48  47  46  45  46  48  49  37 161 213 214 215 214 215
 205  32  47  47  45  46  48  48  52  35 165 212 213 214 214 214
 204  26  40  42  39  40  42  42  44  34 163 212 212 211 214 214
 202  23  42  39  37  25  59  41  45  55 167 204 207 210 206 211
 201  25  43  40  34  93 202 210 207 198  91  59  54  47  90 205
 194 199 179 191 199 158  47  29  36  39  29  28  39  30  26 180
  19  26  45  18  26  84 197 194 188 186 194 185 183 192 186  79
  31  32  31  31  31  71 199 194 195 194 195 193 196 195 200  53
  30  31  29  31  27  74 200 193 193 194 195 194 194 197 199  50
  24  30  29  26  29  73 199 193 195 197 195 194 194 195 201  52
 101  18  29  23  29  48 142 157 155 150 192 196 196 195 205 107
 196  31  32  25  28  22  19  20  24  17 151 199 194 192 194 193
 195  32  36  35  34  34  35  36  37  30 150 198 195 193 191 191
 193  33  40  35  36  36  34  36  37  32 152 197 192 192 194 192
 194  33  48  46  44  45  45  46  44  36 159 197 195 193 191 195
 196  30  46  45  47  46  45  45  45  35 162 198 197 197 193 193
 195  29  41  39  38  36  36  36  36  27 156 198 196 196 196 196
 194  30  41  39  37  36  37  36  38  29 161 200 194 196 197 197
 193  22  35  35  31  31  34  35  34  30 159 199 192 193 194 193
 192  20  34  31  29  19  49  34  32  47 161 194 199 201 194 198
 192  21  32  31  25  88 188 195 189 187  92  55  51  42  89 197

 204  99  67  72  75 149 240 245 239 241 244 244 245 244 236 222
  68 223 236 246 239 237 247 244 244 239 242 243 245 240 228 109
  55 232 239 240 243 240 249 241 241 243 243 246 248 241 231  66
  74 230 244 244 244 244 242 243 240 243 245 243 243 241 225  66
  63 232 242 245 244 240 240 239 238 238 239 237 236 238 220  69
  55 234 241 242 240 224 165 164 166 173 176 179 179 176 181 105
  71 226 243 240 237 176  49  67  66  74  75  60  60  57  78 218
  78 229 246 240 241 174  48  69  69  79  80  65  66  65  71 235
  67 233 239 241 235 176  40  68  69  83  80  64  66  61  72 239
  66 221 224 229 228 162  42  65  67  81  77  64  65  62  83 220
 186 118  93  97 106  73  46  62  66  77  75  63  64  61  46 106
 216  38  58  55  57  47  51  63  68  77  76  66  65  62  61  52
 216  37  53  48  49  51  56  67  72  83  80  70  69  65  62  60
 200  58  55  52  54  52  55  66  72  80  78  70  71  65  63  63
 216  36  56  54  57  32  41  50  53  55  51  47  49  45  43  45
 214  40  58  54  62 141 233 231 232 234 236 230 223 222 225 226
 191  83  55  56  54 123 213 213 213 214 217 215 214 214 211 205
  37 205 216 212 214 213 214 214 213 212 214 214 214 214 206  90
  35 208 214 211 214 213 211 211 209 213 213 215 214 211 210  47
  50 204 214 213 215 214 211 212 210 213 214 214 213 212 207  54
  38 207 212 213 213 211 213 211 211 210 212 213 212 212 204  59
  31 212 214 213 212 199 154 153 155 162 165 161 165 163 167  91
  49 204 212 213 214 153  23  38  45  48  45  37  35  34  55 198
  46 206 212 212 212 161  31  46  50  58  57  49  52  44  45 207
  39 211 212 211 211 162  27  45  48  59  57  48  48  42  41 210
  52 204 206 206 206 143  25  44  45  58  56  46  48  42  59 202
 165  90  76  76  77  58  30  43  47  57  55  45  46  40  25  93
 204  28  38  39  40  36  35  43  48  57  56  46  45  39  37  34
 198  24  36  37  34  37  37  43  45  57  54  47  47  42  39  40
 188  48  35  37  35  34  36  43  46  54  52  48  47  40  42  43
 205  29  37  39  37  20  31  33  33  34  30  29  32  26  23  25
 200  25  36  37  30 109 208 209 207 208 210 207 205 204 202 201
 180  79  53  50  52 107 193 191 192 195 193 196 197 193 198 197
  26 186 200 199 201 205 194 191 194 191 193 196 197 194 194  89
  30 192 195 197 195 195 192 193 192 193 197 196 196 193 201  42
  39 183 196 194 194 196 194 195 192 195 197 196 194 192 199  51
  28 185 193 194 194 196 199 198 197 197 198 198 200 199 194  55
  29 194 195 195 195 192 151 150 152 159 162 156 161 159 161  92
  39 186 194 194 197 150  17  30  32  36  35  27  29  30  47 187
  36 188 195 193 195 155  24  37  37  44  45  36  38  34  32 189
  29 194 194 193 193 157  20  36  36  46  45  36  36  35  34 195
  47 197 199 200 199 142  19  35  34  45  45  36  37  34  49 188
 158  84  71  74  73  48  22  34  36  45  46  36  36  31  19  88
 199  26  31  27  29  29  28  34  36  44  47  38  37  31  29  25
 191  18  31  31  26  23  25  35  35  46  45  39  39  35  31  31
 179  45  31  29  29  29  32  36  40  48  46  41  41  35  34  32
 199  26  32  31  30  18  31  32  33  33  30  29  30  22  20  21
 194  19  31  30  24 101 196 195 193 194 196 195 194 193 192 192

 222 109  66  66  69 105 218 235 239 220 106  52  60  63  45 226
 236 228 231 225 220 181  78  71  72  83  46  61  62  63  43 225
 244 240 241 241 238 176  57  65  61  62  61  62  65  65  45 222
 245 245 248 243 236 179  60  66  66  65  64  65  69  71  49 223
 244 243 246 243 237 179  60  65  64  64  63  66  70  70  47 230
 244 242 243 245 239 176  75  80  80  77  75  76  80  78  51 236
 241 239 243 243 238 173  74  79  83  81  77  77  83  80  55 234
 239 244 241 240 238 166  66  69  69  67  66  68  72  72  53 232
 245 244 241 243 239 164  67  69  68  65  62  63  67  66  50 231
 240 247 249 242 240 165  49  48  40  42  46  51  56  55  41 233
 149 237 240 244 240 224 176 174 176 162  73  47  51  52  32 141
  75 239 243 244 244 240 237 241 235 228 106  57  49  54  57  62
  72 246 240 244 245 242 240 240 241 229  97  55  48  52  54  54
  67 236 239 244 242 241 243 246 239 224  93  58  53  55  56  58
  99 223 232 230 232 234 226 229 233 221 118  38  37  58  36  40
 204  68  55  74  63  55  71  78  67  66 186 216 216 200 216 214
 205  90  47  54  59  91 198 207 210 202  93  34  40  43  25 201
 211 206 210 207 204 167  55  45  41  59  25  37  39  42  23 202
 214 214 211 212 212 163  34  44  42  42  40  39  42  40  26 204
 214 214 214 213 212 165  35  52  48  48  46  45  47  47  32 205
 215 214 215 214 213 161  37  49  48  46  45  46  47  48  29 207
 217 214 213 214 212 165  45  57  57  56  55  56  54  52  30 210
 214 212 213 213 210 162  48  58  59  58  57  57  57  54  34 208
 213 213 209 210 211 155  45  50  48  45  47  48  45  46  33 207
 213 214 211 212 211 153  38  46  45  44  43  43  43  43  33 209
 213 214 211 211 213 154  23  31  27  25  30  35  37  36  31 208
 123 213 213 214 211 199 153 161 162 143  58  36  37  34  20 109
  54 214 214 215 213 212 214 212 211 206  77  40  34  35  37  30
  56 212 211 213 213 213 213 212 211 206  76  39  37  37  39  37
  55 216 214 214 212 214 212 212 212 206  76  38  36  35  37  36
  83 205 208 204 207 212 204 206 211 204  90  28  24  48  29  25
 191  37  35  50  38  31  49  46  39  52 165 204 198 188 205 200
 197  89  42  51  55  92 187 189 195 188  88  25  31  32  21 192
 198 194 201 199 194 161  47  32  34  49  19  29  31  34  20 192
 193 194 193 192 199 159  30  34  35  34  31  31  35  35  22 193
 197 197 196 194 200 161  29  38  36  37  36  37  39  41  30 194
 196 196 196 196 198 156  27  36  36  36  36  38  39  41  29 195
 193 193 197 197 198 162  35  45  45  45  46  47  45  46  30 196
 195 191 193 195 197 159  36  44  46  45  45  44  46  48  33 194
 192 194 192 192 197 152  32  37  36  34  36  36  35  40  33 193
 191 191 193 195 198 150  30  37  36  35  34  34  35  36  32 195
 193 194 192 194 199 151  17  24  20  19  22  28  25  32  31 196
 107 205 195 196 196 192 150 155 157 142  48  29  23  29  18 101
  52 201 195 194 194 195 197 195 193 199  73  29  26  29  30  24
  50 199 197 194 194 195 194 193 193 200  74  27  31  29  31  30
  53 200 195 196 193 195 194 195 194 199  71  31  31  31  32  31
  79 186 192 183 185 194 186 188 194 197  84  26  18  45  26  19
 180  26  30  39  28  29  39  36  29  47 158 199 191 179 199 194

