 241 243 242 242 241 241 241 239 235 241 197  52  58  49  52 185
  63 198 237 241 241 241 241 240 241 241 233 216 207 211 197 143
  40 178 239 241 241 241 242 241 242 241 240 240 238 237 239 108
  41 173 235 243 243 243 243 242 242 240 240 240 238 237 236  97
  47 195 238 242 241 241 241 241 242 240 240 236 238 239 240 102
 103 206 242 243 242 242 242 241 240 237 234 207 193 209 205 140
 238 242 240 240 241 241 240 239 239 236 177  46  49  44  36 185
 241 240 240 240 241 240 239 238 239 237 185  60  61  61  40 196
 240 240 240 241 241 239 236 238 240 237 169  51  59  59  52 179
 241 239 235 235 234 236 238 238 237 233 166  47  48  50  41 186
 241 164 109 116 119 120 120 111 115 123 150 175 159 157 151 149
 240 105  57  61  68  80  71  72  63  50 124 232 233 235 238 103
 238  98  63  72  76  83  83  78  75  61 112 233 238 234 238 107
 238  94  59  78  77  86  86  80  72  57 126 235 239 233 232 101
 217  86  63  71  73  84  86  80  76  56 114 220 221 228 224 101
  51  54  67  69  69  80  83  79  72  61  47  47  62  56  70 186
 207 210 210 210 209 209 209 209 209 209 167  18  32  24  26 161
  50 176 207 209 209 209 209 208 209 207 199 180 174 185 172 112
  33 161 207 209 209 209 209 208 207 207 208 207 207 207 206  82
  28 162 207 209 209 209 209 208 207 207 208 207 207 206 208  85
  25 169 209 209 209 209 209 208 209 207 208 207 206 206 205  87
  84 179 208 207 208 208 209 208 208 208 204 189 174 184 183 109
 211 209 207 208 209 209 208 207 207 207 149  23  35  22  26 168
 208 207 207 207 209 208 207 206 207 206 154  30  40  40  29 166
 207 207 207 208 209 208 206 208 206 206 142  31  40  39  32 167
 208 208 208 208 207 208 206 205 208 207 144  25  29  27  24 169
 208 140  91 101 103 104 107  99 101 110 126 133 131 137 128 131
 208  79  38  44  47  59  50  53  45  32 105 206 207 205 207  75
 209  67  45  54  51  62  59  54  52  40  95 206 207 206 207  79
 208  73  42  53  51  61  59  54  51  38 105 203 205 204 206  80
 195  65  42  49  51  60  62  58  52  36 102 204 196 203 196  76
  34  33  45  53  50  56  60  56  49  42  31  42  52  46  53 162
 195 192 190 190 189 189 189 189 189 185 148  10  24  15  21 155
  50 167 189 189 189 189 189 188 189 188 183 165 159 170 161  97
  22 150 189 189 189 189 189 188 188 188 188 190 189 190 191  74
  20 149 190 189 189 189 189 188 188 188 188 189 190 189 190  78
  21 158 187 188 189 189 189 188 189 188 188 188 189 188 192  78
  85 166 189 188 188 188 189 188 187 186 185 175 162 175 170  94
 193 192 190 189 189 189 188 187 187 189 136  16  30  19  20 158
 191 190 190 190 189 188 187 186 187 189 141  21  31  33  22 155
 190 190 190 190 189 188 187 188 187 185 130  23  29  34  24 159
 188 190 191 192 190 191 189 187 189 189 129  18  22  24  18 162
 189 127  86  97  98  98 100  92  95 103 114 116 119 125 121 127
 189  66  32  39  41  52  42  43  33  23  99 189 187 188 189  63
 189  54  36  44  42  50  48  39  36  32  91 188 183 186 189  67
 190  65  32  40  35  44  46  40  35  30 100 188 182 185 187  71
 184  54  33  42  38  43  46  42  38  27  95 192 180 191 186  68
  31  25  37  42  39  43  45  42  37  32  24  40  47  42  52 154

 185 143 108  97 102 140 185 196 179 186 149 103 107 101 101 186
  52 197 239 236 240 205  36  40  52  41 151 238 238 232 224  70
  49 211 237 237 239 209  44  61  59  50 157 235 234 233 228  56
  58 207 238 238 238 193  49  61  59  48 159 233 238 239 221  62
  52 216 240 240 236 207  46  60  51  47 175 232 233 235 220  47
 197 233 240 240 240 234 177 185 169 166 150 124 112 126 114  47
 241 241 241 240 240 237 236 237 237 233 123  50  61  57  56  61
 235 241 242 242 242 240 239 239 240 237 115  63  75  72  76  72
 239 240 241 242 241 241 239 238 238 238 111  72  78  80  80  79
 241 241 242 243 241 242 240 239 236 238 120  71  83  86  86  83
 241 241 241 243 241 242 241 240 239 236 120  80  83  86  84  80
 241 241 241 243 241 242 241 241 241 234 119  68  76  77  73  69
 242 241 241 243 242 243 240 240 241 235 116  61  72  78  71  69
 242 237 239 235 238 242 240 240 240 235 109  57  63  59  63  67
 243 198 178 173 195 206 242 240 240 239 164 105  98  94  86  54
 241  63  40  41  47 103 238 241 240 241 241 240 238 238 217  51
 161 112  82  85  87 109 168 166 167 169 131  75  79  80  76 162
  26 172 206 208 205 183  26  29  32  24 128 207 207 206 196  53
  24 185 207 206 206 184  22  40  39  27 137 205 206 204 203  46
  32 174 207 207 206 174  35  40  40  29 131 207 207 205 196  52
  18 180 207 207 207 189  23  30  31  25 133 206 206 203 204  42
 167 199 208 208 208 204 149 154 142 144 126 105  95 105 102  31
 209 207 207 207 207 208 207 206 206 207 110  32  40  38  36  42
 209 209 207 207 209 208 207 207 206 208 101  45  52  51  52  49
 209 208 208 208 208 208 207 206 208 205  99  53  54  54  58  56
 209 209 209 209 209 209 208 207 206 206 107  50  59  59  62  60
 209 209 209 209 209 208 209 208 208 208 104  59  62  61  60  56
 209 209 209 209 209 208 209 209 209 207 103  47  51  51  51  50
 210 209 209 209 209 207 208 207 208 208 101  44  54  53  49  53
 210 207 207 207 209 208 207 207 207 208  91  38  45  42  42  45
 210 176 161 162 169 179 209 207 207 208 140  79  67  73  65  33
 207  50  33  28  25  84 211 208 207 208 208 208 209 208 195  34
 155  97  74  78  78  94 158 155 159 162 127  63  67  71  68 154
  21 161 191 190 192 170  20  22  24  18 121 189 189 187 186  52
  15 170 190 189 188 175  19  33  34  24 125 188 186 185 191  42
  24 159 189 190 189 162  30  31  29  22 119 187 183 182 180  47
  10 165 190 189 188 175  16  21  23  18 116 189 188 188 192  40
 148 183 188 188 188 185 136 141 130 129 114  99  91 100  95  24
 185 188 188 188 188 186 189 189 185 189 103  23  32  30  27  32
 189 189 188 188 189 187 187 187 187 189  95  33  36  35  38  37
 189 188 188 188 188 188 187 186 188 187  92  43  39  40  42  42
 189 189 189 189 189 189 188 187 187 189 100  42  48  46  46  45
 189 189 189 189 189 188 189 188 188 191  98  52  50  44  43  43
 189 189 189 189 189 188 189 189 189 190  98  41  42  35  38  39
 190 189 189 189 188 188 189 190 190 192  97  39  44  40  42  42
 190 189 189 190 187 189 190 190 190 191  86  32  36  32  33  37
 192 167 150 149 158 166 192 190 190 190 127  66  54  65  54  25
 195  50  22  20  21  85 193 191 190 188 189 189 189 190 184  31

 186  70  56  62  47  47  61  72  79  83  80  69  69  67  54  51
 101 224 228 221 220 114  56  76  80  86  84  73  71  63  86 217
 101 232 233 239 235 126  57  72  80  86  86  77  78  59  94 238
 107 238 234 238 233 112  61  75  78  83  83  76  72  63  98 238
 103 238 235 233 232 124  50  63  72  71  80  68  61  57 105 240
 149 151 157 159 175 150 123 115 111 120 120 119 116 109 164 241
 186  41  50  48  47 166 233 237 238 238 236 234 235 235 239 241
 179  52  59  59  51 169 237 240 238 236 239 241 241 240 240 240
 196  40  61  61  60 185 237 239 238 239 240 241 240 240 240 241
 185  36  44  49  46 177 236 239 239 240 241 241 240 240 242 238
 140 205 209 193 207 234 237 240 241 242 242 242 243 242 206 103
 102 240 239 238 236 240 240 242 241 241 241 241 242 238 195  47
  97 236 237 238 240 240 240 242 242 243 243 243 243 235 173  41
 108 239 237 238 240 240 241 242 241 242 241 241 241 239 178  40
 143 197 211 207 216 233 241 241 240 241 241 241 241 237 198  63
 185  52  49  58  52 197 241 235 239 241 241 241 242 242 243 241
 162  53  46  52  42  31  42  49  56  60  56  50  53  45  33  34
  76 196 203 196 204 102  36  52  58  62  60  51  49  42  65 195
  80 206 204 205 203 105  38  51  54  59  61  51  53  42  73 208
  79 207 206 207 206  95  40  52  54  59  62  51  54  45  67 209
  75 207 205 207 206 105  32  45  53  50  59  47  44  38  79 208
 131 128 137 131 133 126 110 101  99 107 104 103 101  91 140 208
 169  24  27  29  25 144 207 208 205 206 208 207 208 208 208 208
 167  32  39  40  31 142 206 206 208 206 208 209 208 207 207 207
 166  29  40  40  30 154 206 207 206 207 208 209 207 207 207 208
 168  26  22  35  23 149 207 207 207 208 209 209 208 207 209 211
 109 183 184 174 189 204 208 208 208 209 208 208 207 208 179  84
  87 205 206 206 207 208 207 209 208 209 209 209 209 209 169  25
  85 208 206 207 207 208 207 207 208 209 209 209 209 207 162  28
  82 206 207 207 207 208 207 207 208 209 209 209 209 207 161  33
 112 172 185 174 180 199 207 209 208 209 209 209 209 207 176  50
 161  26  24  32  18 167 209 209 209 209 209 209 210 210 210 207
 154  52  42  47  40  24  32  37  42  45  43  39  42  37  25  31
  68 186 191 180 192  95  27  38  42  46  43  38  42  33  54 184
  71 187 185 182 188 100  30  35  40  46  44  35  40  32  65 190
  67 189 186 183 188  91  32  36  39  48  50  42  44  36  54 189
  63 189 188 187 189  99  23  33  43  42  52  41  39  32  66 189
 127 121 125 119 116 114 103  95  92 100  98  98  97  86 127 189
 162  18  24  22  18 129 189 189 187 189 191 190 192 191 190 188
 159  24  34  29  23 130 185 187 188 187 188 189 190 190 190 190
 155  22  33  31  21 141 189 187 186 187 188 189 190 190 190 191
 158  20  19  30  16 136 189 187 187 188 189 189 189 190 192 193
  94 170 175 162 175 185 186 187 188 189 188 188 188 189 166  85
  78 192 188 189 188 188 188 189 188 189 189 189 188 187 158  21
  78 190 189 190 189 188 188 188 188 189 189 189 189 190 149  20
  74 191 190 189 190 188 188 188 188 189 189 189 189 189 150  22
  97 161 170 159 165 183 188 189 188 189 189 189 189 189 167  50
 155  21  15  24  10 148 185 189 189 189 189 189 190 190 192 195

  51 217 238 238 240 241 241 240 241 238 103  47  41  40  63 241
  54  86  94  98 105 164 239 240 240 242 206 195 173 178 198 243
  67  63  59  63  57 109 235 240 240 240 242 238 235 239 237 242
  69  71  78  72  61 116 235 241 240 240 243 242 243 241 241 242
  69  73  77  76  68 119 234 241 241 241 242 241 243 241 241 241
  80  84  86  83  80 120 236 239 240 241 242 241 243 241 241 241
  83  86  86  83  71 120 238 236 239 240 242 241 243 242 241 241
  79  80  80  78  72 111 238 238 238 239 241 241 242 241 240 239
  72  76  72  75  63 115 237 240 239 239 240 242 242 242 241 235
  61  56  57  61  50 123 233 237 237 236 237 240 240 241 241 241
  47 114 126 112 124 150 166 169 185 177 234 240 240 240 233 197
  47 220 235 233 232 175  47  51  60  46 207 236 240 240 216  52
  62 221 239 238 233 159  48  59  61  49 193 238 238 238 207  58
  56 228 233 234 235 157  50  59  61  44 209 239 237 237 211  49
  70 224 232 238 238 151  41  52  40  36 205 240 236 239 197  52
 186 101 101 107 103 149 186 179 196 185 140 102  97 108 143 185
  34 195 208 209 208 208 208 207 208 211  84  25  28  33  50 207
  33  65  73  67  79 140 208 207 207 209 179 169 162 161 176 210
  45  42  42  45  38  91 208 207 207 207 208 209 207 207 207 210
  53  49  53  54  44 101 208 208 207 208 207 209 209 209 209 210
  50  51  51  51  47 103 207 209 209 209 208 209 209 209 209 209
  56  60  61  62  59 104 208 208 208 209 208 209 209 209 209 209
  60  62  59  59  50 107 206 206 207 208 209 209 209 209 209 209
  56  58  54  54  53  99 205 208 206 207 208 208 208 208 208 209
  49  52  51  52  45 101 208 206 207 207 208 209 207 207 209 209
  42  36  38  40  32 110 207 206 206 207 208 207 207 207 207 209
  31 102 105  95 105 126 144 142 154 149 204 208 208 208 199 167
  42 204 203 206 206 133  25  31  30  23 189 207 207 207 180  18
  52 196 205 207 207 131  29  40  40  35 174 206 207 207 174  32
  46 203 204 206 205 137  27  39  40  22 184 206 206 207 185  24
  53 196 206 207 207 128  24  32  29  26 183 205 208 206 172  26
 162  76  80  79  75 131 169 167 166 168 109  87  85  82 112 161
  31 184 190 189 189 189 188 190 191 193  85  21  20  22  50 195
  25  54  65  54  66 127 190 190 190 192 166 158 149 150 167 192
  37  33  32  36  32  86 191 190 190 190 189 187 190 189 189 190
  42  42  40  44  39  97 192 190 190 189 188 188 189 189 189 190
  39  38  35  42  41  98 190 189 189 189 188 189 189 189 189 189
  43  43  44  50  52  98 191 188 188 189 188 189 189 189 189 189
  45  46  46  48  42 100 189 187 187 188 189 189 189 189 189 189
  42  42  40  39  43  92 187 188 186 187 188 188 188 188 188 189
  37  38  35  36  33  95 189 187 187 187 187 189 188 188 189 189
  32  27  30  32  23 103 189 185 189 189 186 188 188 188 188 185
  24  95 100  91  99 114 129 130 141 136 185 188 188 188 183 148
  40 192 188 188 189 116  18  23  21  16 175 188 189 190 165  10
  47 180 182 183 187 119  22  29  31  30 162 189 190 189 159  24
  42 191 185 186 188 125  24  34  33  19 175 188 189 190 170  15
  52 186 187 189 189 121  18  24  22  20 170 192 190 191 161  21
 154  68  71  67  63 127 162 159 155 158  94  78  78  74  97 155

