 235 241 239 236 239 239 237 235 235 231 166  43  55  61  47 180
  89 100  88  93 110  98  89  91  93  87  60  41  58  64  48 205
  66  59  61  76  70  65  70  75  82  64  47  54  56  65  48 201
  62  58  62  69  70  77  72  78  73  65  64  58  59  66  47 172
  61  58  62  70  69  67  70  76  72  62  62  66  58  67  33 187
  58  74  77  86  80  88  87  95  80  74  90  80  79  95  69 168
  45 183 227 231 237 231 237 238 230 225 225 233 232 222 226  91
  47 178 231 236 238 234 238 241 239 237 238 239 232 238 237 101
  51 203 235 239 238 240 239 239 240 240 240 240 235 239 236  92
  50 178 233 237 235 234 233 236 237 237 238 236 234 234 232 115
  49 107 126 136 139 141 141 142 146 146 146 148 149 142 138 164
  61  46  48  59  61  58  59  54  51  44  42  46  52  53  38 201
  61  59  62  70  68  75  79  75  70  59  56  59  56  61  40 170
  66  64  62  64  66  76  77  72  68  59  54  51  53  58  37 193
  65  63  59  68  63  76  78  68  68  56  53  56  56  56  43 181
  59  57  61  69  62  75  76  73  70  55  54  56  57  58  45 195
 208 211 209 207 210 209 208 209 209 209 144  31  39  45  31 167
  77  87  78  77  88  82  78  84  85  73  51  29  37  46  28 164
  44  38  38  52  45  48  52  47  53  42  37  39  42  44  27 179
  40  38  44  51  51  53  48  52  55  43  43  41  40  46  30 158
  42  38  43  51  48  53  56  52  52  42  42  41  44  44  25 176
  36  41  55  65  57  64  61  66  53  52  65  53  50  59  55 157
  28 161 201 206 204 206 208 203 203 207 205 208 205 196 207  78
  30 169 207 206 206 209 206 206 208 207 208 209 209 205 205  86
  33 172 206 205 206 206 206 206 208 208 207 208 206 206 208  71
  31 160 205 207 210 209 206 209 208 207 207 205 206 207 207  88
  31  93 112 119 120 125 125 124 130 130 131 131 132 125 126 138
  43  35  35  39  41  43  43  37  39  32  28  30  27  32  22 178
  43  41  43  50  48  55  57  50  49  42  39  40  38  42  28 160
  43  42  43  46  48  57  56  50  49  40  36  35  37  40  25 179
  44  42  39  48  44  55  58  49  49  39  36  36  39  39  29 165
  45  43  40  49  44  53  56  53  51  36  35  37  39  42  26 175
 194 198 194 192 193 193 193 195 194 194 137  25  29  37  24 161
  72  80  71  73  85  76  72  77  79  70  49  25  30  38  20 150
  37  31  27  41  39  41  45  42  48  35  28  29  28  36  21 168
  32  31  32  39  43  41  35  39  42  32  32  31  26  33  24 151
  33  32  32  39  40  40  41  41  42  33  33  35  32  34  21 168
  28  37  43  58  51  55  51  60  49  44  51  44  45  56  53 151
  21 157 184 192 190 188 191 193 193 191 184 189 192 183 189  71
  25 163 190 188 187 188 186 188 190 189 189 190 187 186 192  79
  22 165 189 188 188 191 187 188 189 189 188 189 188 187 192  60
  26 154 190 188 189 190 188 191 190 190 192 191 190 187 191  79
  25  92 106 114 113 118 117 116 124 123 126 126 130 119 122 128
  33  27  28  33  34  33  36  31  34  25  21  23  22  25  17 167
  32  33  33  39  37  42  45  39  38  32  30  31  27  30  22 152
  32  34  34  35  37  44  43  39  38  30  27  27  28  29  23 174
  32  33  30  37  32  41  44  37  39  32  29  29  29  29  23 157
  34  32  29  37  31  38  41  40  40  29  29  30  29  33  18 167

 180 205 201 172 187 168  91 101  92 115 164 201 170 193 181 195
  47  48  48  47  33  69 226 237 236 232 138  38  40  37  43  45
  61  64  65  66  67  95 222 238 239 234 142  53  61  58  56  58
  55  58  56  59  58  79 232 232 235 234 149  52  56  53  56  57
  43  41  54  58  66  80 233 239 240 236 148  46  59  51  56  56
 166  60  47  64  62  90 225 238 240 238 146  42  56  54  53  54
 231  87  64  65  62  74 225 237 240 237 146  44  59  59  56  55
 235  93  82  73  72  80 230 239 240 237 146  51  70  68  68  70
 235  91  75  78  76  95 238 241 239 236 142  54  75  72  68  73
 237  89  70  72  70  87 237 238 239 233 141  59  79  77  78  76
 239  98  65  77  67  88 231 234 240 234 141  58  75  76  76  75
 239 110  70  70  69  80 237 238 238 235 139  61  68  66  63  62
 236  93  76  69  70  86 231 236 239 237 136  59  70  64  68  69
 239  88  61  62  62  77 227 231 235 233 126  48  62  62  59  61
 241 100  59  58  58  74 183 178 203 178 107  46  59  64  63  57
 235  89  66  62  61  58  45  47  51  50  49  61  61  66  65  59
 167 164 179 158 176 157  78  86  71  88 138 178 160 179 165 175
  31  28  27  30  25  55 207 205 208 207 126  22  28  25  29  26
  45  46  44  46  44  59 196 205 206 207 125  32  42  40  39  42
  39  37  42  40  44  50 205 209 206 206 132  27  38  37  39  39
  31  29  39  41  41  53 208 209 208 205 131  30  40  35  36  37
 144  51  37  43  42  65 205 208 207 207 131  28  39  36  36  35
 209  73  42  43  42  52 207 207 208 207 130  32  42  40  39  36
 209  85  53  55  52  53 203 208 208 208 130  39  49  49  49  51
 209  84  47  52  52  66 203 206 206 209 124  37  50  50  49  53
 208  78  52  48  56  61 208 206 206 206 125  43  57  56  58  56
 209  82  48  53  53  64 206 209 206 209 125  43  55  57  55  53
 210  88  45  51  48  57 204 206 206 210 120  41  48  48  44  44
 207  77  52  51  51  65 206 206 205 207 119  39  50  46  48  49
 209  78  38  44  43  55 201 207 206 205 112  35  43  43  39  40
 211  87  38  38  38  41 161 169 172 160  93  35  41  42  42  43
 208  77  44  40  42  36  28  30  33  31  31  43  43  43  44  45
 161 150 168 151 168 151  71  79  60  79 128 167 152 174 157 167
  24  20  21  24  21  53 189 192 192 191 122  17  22  23  23  18
  37  38  36  33  34  56 183 186 187 187 119  25  30  29  29  33
  29  30  28  26  32  45 192 187 188 190 130  22  27  28  29  29
  25  25  29  31  35  44 189 190 189 191 126  23  31  27  29  30
 137  49  28  32  33  51 184 189 188 192 126  21  30  27  29  29
 194  70  35  32  33  44 191 189 189 190 123  25  32  30  32  29
 194  79  48  42  42  49 193 190 189 190 124  34  38  38  39  40
 195  77  42  39  41  60 193 188 188 191 116  31  39  39  37  40
 193  72  45  35  41  51 191 186 187 188 117  36  45  43  44  41
 193  76  41  41  40  55 188 188 191 190 118  33  42  44  41  38
 193  85  39  43  40  51 190 187 188 189 113  34  37  37  32  31
 192  73  41  39  39  58 192 188 188 188 114  33  39  35  37  37
 194  71  27  32  32  43 184 190 189 190 106  28  33  34  30  29
 198  80  31  31  32  37 157 163 165 154  92  27  33  34  33  32
 194  72  37  32  33  28  21  25  22  26  25  33  32  32  32  34

 195  45  58  57  56  54  55  70  73  76  75  62  69  61  57  59
 181  43  56  56  56  53  56  68  68  78  76  63  68  59  63  65
 193  37  58  53  51  54  59  68  72  77  76  66  64  62  64  66
 170  40  61  56  59  56  59  70  75  79  75  68  70  62  59  61
 201  38  53  52  46  42  44  51  54  59  58  61  59  48  46  61
 164 138 142 149 148 146 146 146 142 141 141 139 136 126 107  49
 115 232 234 234 236 238 237 237 236 233 234 235 237 233 178  50
  92 236 239 235 240 240 240 240 239 239 240 238 239 235 203  51
 101 237 238 232 239 238 237 239 241 238 234 238 236 231 178  47
  91 226 222 232 233 225 225 230 238 237 231 237 231 227 183  45
 168  69  95  79  80  90  74  80  95  87  88  80  86  77  74  58
 187  33  67  58  66  62  62  72  76  70  67  69  70  62  58  61
 172  47  66  59  58  64  65  73  78  72  77  70  69  62  58  62
 201  48  65  56  54  47  64  82  75  70  65  70  76  61  59  66
 205  48  64  58  41  60  87  93  91  89  98 110  93  88 100  89
 180  47  61  55  43 166 231 235 235 237 239 239 236 239 241 235
 175  26  42  39  37  35  36  51  53  56  53  44  49  40  43  45
 165  29  39  39  36  36  39  49  49  58  55  44  48  39  42  44
 179  25  40  37  35  36  40  49  50  56  57  48  46  43  42  43
 160  28  42  38  40  39  42  49  50  57  55  48  50  43  41  43
 178  22  32  27  30  28  32  39  37  43  43  41  39  35  35  43
 138 126 125 132 131 131 130 130 124 125 125 120 119 112  93  31
  88 207 207 206 205 207 207 208 209 206 209 210 207 205 160  31
  71 208 206 206 208 207 208 208 206 206 206 206 205 206 172  33
  86 205 205 209 209 208 207 208 206 206 209 206 206 207 169  30
  78 207 196 205 208 205 207 203 203 208 206 204 206 201 161  28
 157  55  59  50  53  65  52  53  66  61  64  57  65  55  41  36
 176  25  44  44  41  42  42  52  52  56  53  48  51  43  38  42
 158  30  46  40  41  43  43  55  52  48  53  51  51  44  38  40
 179  27  44  42  39  37  42  53  47  52  48  45  52  38  38  44
 164  28  46  37  29  51  73  85  84  78  82  88  77  78  87  77
 167  31  45  39  31 144 209 209 209 208 209 210 207 209 211 208
 167  18  33  29  30  29  29  40  40  41  38  31  37  29  32  34
 157  23  29  29  29  29  32  39  37  44  41  32  37  30  33  32
 174  23  29  28  27  27  30  38  39  43  44  37  35  34  34  32
 152  22  30  27  31  30  32  38  39  45  42  37  39  33  33  32
 167  17  25  22  23  21  25  34  31  36  33  34  33  28  27  33
 128 122 119 130 126 126 123 124 116 117 118 113 114 106  92  25
  79 191 187 190 191 192 190 190 191 188 190 189 188 190 154  26
  60 192 187 188 189 188 189 189 188 187 191 188 188 189 165  22
  79 192 186 187 190 189 189 190 188 186 188 187 188 190 163  25
  71 189 183 192 189 184 191 193 193 191 188 190 192 184 157  21
 151  53  56  45  44  51  44  49  60  51  55  51  58  43  37  28
 168  21  34  32  35  33  33  42  41  41  40  40  39  32  32  33
 151  24  33  26  31  32  32  42  39  35  41  43  39  32  31  32
 168  21  36  28  29  28  35  48  42  45  41  39  41  27  31  37
 150  20  38  30  25  49  70  79  77  72  76  85  73  71  80  72
 161  24  37  29  25 137 194 194 195 193 193 193 192 194 198 194

  59  65  66  61  61  49  50  51  47  45  58  61  62  66  89 235
  57  63  64  59  46 107 178 203 178 183  74  58  58  59 100 241
  61  59  62  62  48 126 233 235 231 227  77  62  62  61  88 239
  69  68  64  70  59 136 237 239 236 231  86  70  69  76  93 236
  62  63  66  68  61 139 235 238 238 237  80  69  70  70 110 239
  75  76  76  75  58 141 234 240 234 231  88  67  77  65  98 239
  76  78  77  79  59 141 233 239 238 237  87  70  72  70  89 237
  73  68  72  75  54 142 236 239 241 238  95  76  78  75  91 235
  70  68  68  70  51 146 237 240 239 230  80  72  73  82  93 235
  55  56  59  59  44 146 237 240 237 225  74  62  65  64  87 231
  54  53  54  56  42 146 238 240 238 225  90  62  64  47  60 166
  56  56  51  59  46 148 236 240 239 233  80  66  58  54  41  43
  57  56  53  56  52 149 234 235 232 232  79  58  59  56  58  55
  58  56  58  61  53 142 234 239 238 222  95  67  66  65  64  61
  45  43  37  40  38 138 232 236 237 226  69  33  47  48  48  47
 195 181 193 170 201 164 115  92 101  91 168 187 172 201 205 180
  45  44  43  43  43  31  31  33  30  28  36  42  40  44  77 208
  43  42  42  41  35  93 160 172 169 161  41  38  38  38  87 211
  40  39  43  43  35 112 205 206 207 201  55  43  44  38  78 209
  49  48  46  50  39 119 207 205 206 206  65  51  51  52  77 207
  44  44  48  48  41 120 210 206 206 204  57  48  51  45  88 210
  53  55  57  55  43 125 209 206 209 206  64  53  53  48  82 209
  56  58  56  57  43 125 206 206 206 208  61  56  48  52  78 208
  53  49  50  50  37 124 209 206 206 203  66  52  52  47  84 209
  51  49  49  49  39 130 208 208 208 203  53  52  55  53  85 209
  36  39  40  42  32 130 207 208 207 207  52  42  43  42  73 209
  35  36  36  39  28 131 207 207 208 205  65  42  43  37  51 144
  37  36  35  40  30 131 205 208 209 208  53  41  41  39  29  31
  39  39  37  38  27 132 206 206 209 205  50  44  40  42  37  39
  42  39  40  42  32 125 207 206 205 196  59  44  46  44  46  45
  26  29  25  28  22 126 207 208 205 207  55  25  30  27  28  31
 175 165 179 160 178 138  88  71  86  78 157 176 158 179 164 167
  34  32  32  32  33  25  26  22  25  21  28  33  32  37  72 194
  32  33  34  33  27  92 154 165 163 157  37  32  31  31  80 198
  29  30  34  33  28 106 190 189 190 184  43  32  32  27  71 194
  37  37  35  39  33 114 188 188 188 192  58  39  39  41  73 192
  31  32  37  37  34 113 189 188 187 190  51  40  43  39  85 193
  38  41  44  42  33 118 190 191 188 188  55  40  41  41  76 193
  41  44  43  45  36 117 188 187 186 191  51  41  35  45  72 193
  40  37  39  39  31 116 191 188 188 193  60  41  39  42  77 195
  40  39  38  38  34 124 190 189 190 193  49  42  42  48  79 194
  29  32  30  32  25 123 190 189 189 191  44  33  32  35  70 194
  29  29  27  30  21 126 192 188 189 184  51  33  32  28  49 137
  30  29  27  31  23 126 191 189 190 189  44  35  31  29  25  25
  29  29  28  27  22 130 190 188 187 192  45  32  26  28  30  29
  33  29  29  30  25 119 187 187 186 183  56  34  33  36  38  37
  18  23  23  22  17 122 191 192 192 189  53  21  24  21  20  24
 167 157 174 152 167 128  79  60  79  71 151 168 151 168 150 161

