  78  89  93 100 105 101  97  95  96  91  88  97  95  91  90  72
 105 117 121 119 122 125 125 126 126 128 127 126 125 125 124  99
 112 118 123 124 123 126 128 130 132 129 127 131 130 132 130 109
 115 123 128 129 125 126 129 131 133 133 133 135 137 128 142 107
 119 125 133 130 130 131 120 138 135 137 137 138 143  50 138 121
 119 125  88  83 130 141 110 135 147  83  41 124 146  51 139 115
 124 129  56  84 103 146  59 137 112  35  40 135 146  51 140 129
 123 138  45  53  94 135  65 139 135  56 139 149 148  63 144 123
 125 127  68  63 121 143  90 140 150  48 122 149 151 140 150 131
 133 127  85 147 143 142 150 147 151 131  58 119 152 130 153 132
 133 116  92 145 148 148 152 151 151 150 155 157 155 160 157 143
 132 125 108 150 151 152 153 154 154 153 156 157 156 155 156 144
 138 149 147 152 151 154 155 157 156 155 158 158 158 156 155 145
 140 149 151 153 155 155 157 158 157 157 158 157 158 160 159 143
 143 149 153 157 157 157 157 157 159 159 158 158 159 158 158 151
 148 151 150 156 158 160 158 156 160 156 155 158 161 160 160 147
  93 100 102 109 109 107 105 104 103 103 101 107 103 100  96  69
 123 126 128 130 129 131 132 133 135 133 136 135 134 134 135  96
 127 131 132 133 134 133 135 138 138 138 141 139 137 138 138 104
 129 132 133 134 136 138 140 141 141 141 143 141 146 124 145 103
 131 134 135 138 139 143 119 142 145 149 145 145 149  41 146 112
 136 124  86  90 141 147 108 145 149  67  38 137 150  45 152 110
 139 119  46  73 113 146  54 149 103  27  40 143 151  54 151 120
 136 140  35  49 109 133  66 148 133  57 153 153 153  63 154 118
 143 126  62  58 134 139  90 151 152  42 130 154 155 147 152 126
 143 121  89 148 152 154 153 154 156 127  54 125 157 133 156 127
 145 110  98 151 153 153 153 153 155 155 159 158 156 161 157 134
 146 118 113 151 153 155 156 157 156 156 157 157 158 158 158 133
 151 152 155 153 155 158 158 158 158 158 159 159 159 160 159 138
 151 153 154 156 158 158 158 159 159 159 159 160 160 160 159 138
 153 153 156 158 158 159 159 159 159 159 160 161 160 160 160 141
 158 159 160 162 162 163 161 161 162 162 161 161 163 162 162 141
 104 116 115 118 120 120 117 118 116 116 115 118 116 114 111  80
 136 135 138 139 143 145 144 145 144 144 143 143 144 145 147 102
 138 136 141 141 144 146 148 146 143 146 142 148 148 149 148 108
 141 140 143 143 145 148 149 147 146 145 144 148 153 129 151 105
 142 142 142 143 145 146 129 152 146 150 149 152 153  51 154 113
 145 128  92  96 148 151 116 154 156  72  48 146 151  56 156 115
 145 119  52  76 118 146  58 151 107  31  44 150 155  61 153 122
 146 143  36  51 117 134  75 152 134  65 155 154 152  72 158 118
 149 126  71  62 141 141  99 151 149  49 132 156 156 148 155 125
 152 120  95 152 154 155 154 154 158 125  55 130 157 138 159 127
 151 111 105 152 152 152 154 153 155 155 160 159 156 162 157 136
 147 115 115 151 153 155 156 156 157 156 157 157 158 158 157 132
 152 152 154 152 155 158 157 158 158 158 159 158 159 159 158 138
 152 152 153 156 157 157 157 158 159 158 159 160 159 159 158 134
 152 152 155 157 157 158 157 158 159 158 159 160 160 159 159 138
 157 157 158 160 160 160 158 159 162 162 160 160 161 161 161 140

  72  99 109 107 121 115 129 123 131 132 143 144 145 143 151 147
  90 124 130 142 138 139 140 144 150 153 157 156 155 159 158 160
  91 125 132 128  50  51  51  63 140 130 160 155 156 160 158 160
  95 125 130 137 143 146 146 148 151 152 155 156 158 158 159 161
  97 126 131 135 138 124 135 149 149 119 157 157 158 157 158 158
  88 127 127 133 137  41  40 139 122  58 155 156 158 158 158 155
  91 128 129 133 137  83  35  56  48 131 150 153 155 157 159 156
  96 126 132 133 135 147 112 135 150 151 151 154 156 157 159 160
  95 126 130 131 138 135 137 139 140 147 151 154 157 158 157 156
  97 125 128 129 120 110  59  65  90 150 152 153 155 157 157 158
 101 125 126 126 131 141 146 135 143 142 148 152 154 155 157 160
 105 122 123 125 130 130 103  94 121 143 148 151 151 155 157 158
 100 119 124 129 130  83  84  53  63 147 145 150 152 153 157 156
  93 121 123 128 133  88  56  45  68  85  92 108 147 151 153 150
  89 117 118 123 125 125 129 138 127 127 116 125 149 149 149 151
  78 105 112 115 119 119 124 123 125 133 133 132 138 140 143 148
  69  96 104 103 112 110 120 118 126 127 134 133 138 138 141 141
  96 135 138 145 146 152 151 154 152 156 157 158 159 159 160 162
 100 134 138 124  41  45  54  63 147 133 161 158 160 160 160 162
 103 134 137 146 149 150 151 153 155 157 156 158 159 160 160 163
 107 135 139 141 145 137 143 153 154 125 158 157 159 160 161 161
 101 136 141 143 145  38  40 153 130  54 159 157 159 159 160 161
 103 133 138 141 149  67  27  57  42 127 155 156 158 159 159 162
 103 135 138 141 145 149 103 133 152 156 155 156 158 159 159 162
 104 133 138 141 142 145 149 148 151 154 153 157 158 159 159 161
 105 132 135 140 119 108  54  66  90 153 153 156 158 158 159 161
 107 131 133 138 143 147 146 133 139 154 153 155 158 158 159 163
 109 129 134 136 139 141 113 109 134 152 153 153 155 158 158 162
 109 130 133 134 138  90  73  49  58 148 151 151 153 156 158 162
 102 128 132 133 135  86  46  35  62  89  98 113 155 154 156 160
 100 126 131 132 134 124 119 140 126 121 110 118 152 153 153 159
  93 123 127 129 131 136 139 136 143 143 145 146 151 151 153 158
  80 102 108 105 113 115 122 118 125 127 136 132 138 134 138 140
 111 147 148 151 154 156 153 158 155 159 157 157 158 158 159 161
 114 145 149 129  51  56  61  72 148 138 162 158 159 159 159 161
 116 144 148 153 153 151 155 152 156 157 156 158 159 159 160 161
 118 143 148 148 152 146 150 154 156 130 159 157 158 160 160 160
 115 143 142 144 149  48  44 155 132  55 160 157 159 159 159 160
 116 144 146 145 150  72  31  65  49 125 155 156 158 158 158 162
 116 144 143 146 146 156 107 134 149 158 155 157 158 159 159 162
 118 145 146 147 152 154 151 152 151 154 153 156 158 158 158 159
 117 144 148 149 129 116  58  75  99 154 154 156 157 157 157 158
 120 145 146 148 146 151 146 134 141 155 152 155 158 157 158 160
 120 143 144 145 145 148 118 117 141 154 152 153 155 157 157 160
 118 139 141 143 143  96  76  51  62 152 152 151 152 156 157 160
 115 138 141 143 142  92  52  36  71  95 105 115 154 153 155 158
 116 135 136 140 142 128 119 143 126 120 111 115 152 152 152 157
 104 136 138 141 142 145 145 146 149 152 151 147 152 152 152 157

 147 160 160 161 158 155 156 160 156 158 160 158 156 150 151 148
 151 158 158 159 158 158 159 159 157 157 157 157 157 153 149 143
 143 159 160 158 157 158 157 157 158 157 155 155 153 151 149 140
 145 155 156 158 158 158 155 156 157 155 154 151 152 147 149 138
 144 156 155 156 157 156 153 154 154 153 152 151 150 108 125 132
 143 157 160 155 157 155 150 151 151 152 148 148 145  92 116 133
 132 153 130 152 119  58 131 151 147 150 142 143 147  85 127 133
 131 150 140 151 149 122  48 150 140  90 143 121  63  68 127 125
 123 144  63 148 149 139  56 135 139  65 135  94  53  45 138 123
 129 140  51 146 135  40  35 112 137  59 146 103  84  56 129 124
 115 139  51 146 124  41  83 147 135 110 141 130  83  88 125 119
 121 138  50 143 138 137 137 135 138 120 131 130 130 133 125 119
 107 142 128 137 135 133 133 133 131 129 126 125 129 128 123 115
 109 130 132 130 131 127 129 132 130 128 126 123 124 123 118 112
  99 124 125 125 126 127 128 126 126 125 125 122 119 121 117 105
  72  90  91  95  97  88  91  96  95  97 101 105 100  93  89  78
 141 162 162 163 161 161 162 162 161 161 163 162 162 160 159 158
 141 160 160 160 161 160 159 159 159 159 159 158 158 156 153 153
 138 159 160 160 160 159 159 159 159 158 158 158 156 154 153 151
 138 159 160 159 159 159 158 158 158 158 158 155 153 155 152 151
 133 158 158 158 157 157 156 156 157 156 155 153 151 113 118 146
 134 157 161 156 158 159 155 155 153 153 153 153 151  98 110 145
 127 156 133 157 125  54 127 156 154 153 154 152 148  89 121 143
 126 152 147 155 154 130  42 152 151  90 139 134  58  62 126 143
 118 154  63 153 153 153  57 133 148  66 133 109  49  35 140 136
 120 151  54 151 143  40  27 103 149  54 146 113  73  46 119 139
 110 152  45 150 137  38  67 149 145 108 147 141  90  86 124 136
 112 146  41 149 145 145 149 145 142 119 143 139 138 135 134 131
 103 145 124 146 141 143 141 141 141 140 138 136 134 133 132 129
 104 138 138 137 139 141 138 138 138 135 133 134 133 132 131 127
  96 135 134 134 135 136 133 135 133 132 131 129 130 128 126 123
  69  96 100 103 107 101 103 103 104 105 107 109 109 102 100  93
 140 161 161 161 160 160 162 162 159 158 160 160 160 158 157 157
 138 159 159 160 160 159 158 159 158 157 158 157 157 155 152 152
 134 158 159 159 160 159 158 159 158 157 157 157 156 153 152 152
 138 158 159 159 158 159 158 158 158 157 158 155 152 154 152 152
 132 157 158 158 157 157 156 157 156 156 155 153 151 115 115 147
 136 157 162 156 159 160 155 155 153 154 152 152 152 105 111 151
 127 159 138 157 130  55 125 158 154 154 155 154 152  95 120 152
 125 155 148 156 156 132  49 149 151  99 141 141  62  71 126 149
 118 158  72 152 154 155  65 134 152  75 134 117  51  36 143 146
 122 153  61 155 150  44  31 107 151  58 146 118  76  52 119 145
 115 156  56 151 146  48  72 156 154 116 151 148  96  92 128 145
 113 154  51 153 152 149 150 146 152 129 146 145 143 142 142 142
 105 151 129 153 148 144 145 146 147 149 148 145 143 143 140 141
 108 148 149 148 148 142 146 143 146 148 146 144 141 141 136 138
 102 147 145 144 143 143 144 144 145 144 145 143 139 138 135 136
  80 111 114 116 118 115 116 116 118 117 120 120 118 115 116 104

 148 143 140 138 132 133 133 125 123 124 119 119 115 112 105  78
 151 149 149 149 125 116 127 127 138 129 125 125 123 118 117  89
 150 153 151 147 108  92  85  68  45  56  88 133 128 123 121  93
 156 157 153 152 150 145 147  63  53  84  83 130 129 124 119 100
 158 157 155 151 151 148 143 121  94 103 130 130 125 123 122 105
 160 157 155 154 152 148 142 143 135 146 141 131 126 126 125 101
 158 157 157 155 153 152 150  90  65  59 110 120 129 128 125  97
 156 157 158 157 154 151 147 140 139 137 135 138 131 130 126  95
 160 159 157 156 154 151 151 150 135 112 147 135 133 132 126  96
 156 159 157 155 153 150 131  48  56  35  83 137 133 129 128  91
 155 158 158 158 156 155  58 122 139  40  41 137 133 127 127  88
 158 158 157 158 157 157 119 149 149 135 124 138 135 131 126  97
 161 159 158 158 156 155 152 151 148 146 146 143 137 130 125  95
 160 158 160 156 155 160 130 140  63  51  51  50 128 132 125  91
 160 158 159 155 156 157 153 150 144 140 139 138 142 130 124  90
 147 151 143 145 144 143 132 131 123 129 115 121 107 109  99  72
 158 153 151 151 146 145 143 143 136 139 136 131 129 127 123  93
 159 153 153 152 118 110 121 126 140 119 124 134 132 131 126 100
 160 156 154 155 113  98  89  62  35  46  86 135 133 132 128 102
 162 158 156 153 151 151 148  58  49  73  90 138 134 133 130 109
 162 158 158 155 153 153 152 134 109 113 141 139 136 134 129 109
 163 159 158 158 155 153 154 139 133 146 147 143 138 133 131 107
 161 159 158 158 156 153 153  90  66  54 108 119 140 135 132 105
 161 159 159 158 157 153 154 151 148 149 145 142 141 138 133 104
 162 159 159 158 156 155 156 152 133 103 149 145 141 138 135 103
 162 159 159 158 156 155 127  42  57  27  67 149 141 138 133 103
 161 160 159 159 157 159  54 130 153  40  38 145 143 141 136 101
 161 161 160 159 157 158 125 154 153 143 137 145 141 139 135 107
 163 160 160 159 158 156 157 155 153 151 150 149 146 137 134 103
 162 160 160 160 158 161 133 147  63  54  45  41 124 138 134 100
 162 160 159 159 158 157 156 152 154 151 152 146 145 138 135  96
 141 141 138 138 133 134 127 126 118 120 110 112 103 104  96  69
 157 152 152 152 147 151 152 149 146 145 145 142 141 138 136 104
 157 152 152 152 115 111 120 126 143 119 128 142 140 136 135 116
 158 155 153 154 115 105  95  71  36  52  92 142 143 141 138 115
 160 157 156 152 151 152 152  62  51  76  96 143 143 141 139 118
 160 157 157 155 153 152 154 141 117 118 148 145 145 144 143 120
 160 158 157 158 155 152 155 141 134 146 151 146 148 146 145 120
 158 157 157 157 156 154 154  99  75  58 116 129 149 148 144 117
 159 158 158 158 156 153 154 151 152 151 154 152 147 146 145 118
 162 159 159 158 157 155 158 149 134 107 156 146 146 143 144 116
 162 158 158 158 156 155 125  49  65  31  72 150 145 146 144 116
 160 159 159 159 157 160  55 132 155  44  48 149 144 142 143 115
 160 160 160 158 157 159 130 156 154 150 146 152 148 148 143 118
 161 160 159 159 158 156 157 156 152 155 151 153 153 148 144 116
 161 159 159 159 158 162 138 148  72  61  56  51 129 149 145 114
 161 159 158 158 157 157 159 155 158 153 156 154 151 148 147 111
 140 138 134 138 132 136 127 125 118 122 115 113 105 108 102  80

